index,iter,time,objective
0,0,1.1415879530000965,-47231.3742360838
1,1,1.7465402690001064,-47230.9148074872
2,2,2.455613158000051,-46985.10522226169
3,3,3.112262505999999,-46791.60754100658
4,4,3.687491838000016,-46579.39408767539
5,5,4.251527491000015,-46146.5432867574
6,6,4.816064949000022,-46022.22883149708
7,7,5.526028588000103,-45947.96277534218
8,8,6.092586667999974,-45628.81002953278
9,9,6.666159140000003,-45543.883728648725
10,10,7.474929107000004,-45159.052889663544
11,11,8.035310010000016,-44951.74188257628
12,12,8.600790750000044,-44823.10369586098
13,13,9.487591423000092,-44809.37750937528
14,14,10.26390514300007,-44520.44370412184
15,15,11.44363061600004,-44542.85953942272
16,16,12.406466312999953,-44481.935496507824
17,17,13.351077785000088,-44267.90386476857
18,18,14.418672536000027,-44273.69914280193
19,19,15.446000762000098,-44170.6898409376
20,20,16.463057864999982,-43987.96099137914
21,21,17.629915950999944,-44147.682177530434
22,22,18.452040098999976,-43911.58957913335
23,23,19.59533379299997,-44149.40599121103
24,24,20.436809655000108,-44466.76425222924
25,25,21.332232963000074,-44111.75374273443
26,26,22.369597196000047,-44197.682975305324
27,27,23.627961272999993,-44065.628031747765
28,28,24.59763120400009,-44531.73722355702
29,29,25.602329666999985,-45053.86659167559
30,30,26.64279403899994,-44714.95061678965
31,31,27.72995188800001,-44964.1297079882
32,32,28.808562348000123,-44603.431249539266
33,33,29.63465823800012,-44783.2532259695
34,34,30.59946739200002,-45539.52146251522
35,35,31.7975171820001,-45499.17848617949
36,36,32.79782638300012,-45393.41996902393
37,37,33.81209466600011,-44430.56427507373
38,38,35.0160131160001,-45649.37498928856
39,39,35.96337068700011,-45819.98830193991
40,40,36.931803159000005,-44585.95330319997
41,41,38.09348721200006,-48139.046417217854
42,42,38.882420860000074,-45571.7183850996
43,43,40.011657336000006,-45943.304020377465
44,44,41.14029389700003,-46250.49281579689
45,45,42.21887689600012,-45636.08085817277
46,46,43.175087889999965,-46435.43276724983
47,47,44.18906123200001,-45852.755460173226
48,48,45.176936823000084,-46695.44916623369
49,49,46.28479324200016,-45776.837615392906
50,50,47.45102174799994,-46362.84389384338
51,51,48.51046570399997,-46653.42353768255
52,52,49.45280591600004,-46928.28815751
53,53,50.42471765999996,-46244.95183936339
54,54,51.294110412000094,-46086.882272420495
55,55,52.37924665400001,-46350.596558185905
56,56,53.26129445400007,-46247.80678937082
57,57,54.186679426000104,-46459.26156823804
58,58,55.142110122999995,-46717.10335296111
59,59,56.13867761700007,-46270.93019821782
60,60,57.179491272000014,-46784.869813966776
61,61,58.246850158000015,-49031.62105189801
62,62,59.260673210000036,-47311.79664841776
63,63,60.230496584999955,-47408.86223135985
64,64,61.21718026000017,-46275.932213107044
65,65,62.11146978500008,-46064.53921258589
66,66,63.22437821799994,-47122.8761415674
67,67,64.23566099699994,-48443.75550632702
68,68,65.31123431900015,-48192.64310295228
69,69,66.26515796800015,-49366.22904126874
70,70,67.28380371100002,-47602.33340725396
71,71,68.16441545800015,-46478.5360351993
72,72,69.22393980000017,-49174.27945830274
73,73,70.13450758000009,-47959.081550867726
74,74,71.08554677700008,-47699.06610108822
75,75,72.06976058699993,-45955.70198571912
76,76,73.2284563040001,-47420.254146590356
77,77,74.21083799000003,-47045.20283973501
78,78,75.18378052999999,-46867.6805472776
79,79,76.08245681600005,-49444.21483355987
80,80,76.93116625000013,-48816.868351163925
81,81,77.98222429699997,-47829.360078933096
82,82,79.01002800000005,-45980.13200499363
83,83,80.06846161,-48112.66499698022
84,84,80.99860653400013,-47498.645433668615
85,85,82.06272668099997,-48410.38337118158
86,86,83.04743666300003,-47109.11185391537
87,87,84.20225682899996,-46855.64632877371
88,88,85.25670799100016,-49448.499669976765
89,89,86.195446932,-47759.84273359005
90,90,87.132379969,-49001.17359901557
91,91,88.09759881,-48523.78909443631
92,92,89.27854310800006,-46822.831249624905
93,93,90.36142463000014,-47805.47731186222
94,94,91.20100619500002,-47946.14829965255
95,95,92.1273188280001,-47168.284904674605
96,96,93.27857108400005,-47937.77639197067
97,97,94.185373059,-48239.27848523047
98,98,95.14610486199997,-48062.05442552419
99,99,96.2192839690001,-46097.63320101261
100,100,97.101928281,-47681.639282964024
101,101,98.03148312899994,-47385.474044824434
102,102,99.12022753200016,-46346.135193853646
103,103,100.10796129899995,-46766.1648801093
104,104,101.05228986200004,-49497.13553529354
105,105,102.108322087,-48376.88877688567
106,106,103.19379514299996,-45789.17005411846
107,107,104.06511496100005,-46607.16599595848
108,108,104.9562282270001,-46571.72008151164
109,109,105.93047103200003,-46526.366759030556
110,110,106.92814081599994,-47111.961365944255
111,111,107.84432824200007,-46359.24096054165
112,112,108.82372605400009,-46287.661763376454
113,113,109.73355280800013,-46764.1752710854
114,114,110.78095366200002,-46137.72823564555
115,115,111.76006198799995,-46190.00925630286
116,116,112.76896491800004,-46126.905736299006
117,117,113.73444452600006,-45875.76312507703
118,118,114.66625266300014,-47296.37088510755
119,119,115.50238972199999,-46695.986407034434
120,120,116.548180391,-46230.253966836244
121,121,117.55010063999995,-45678.224579593654
122,122,118.68674253100005,-45934.6565394553
123,123,119.73830758999998,-45745.80473938168
124,124,120.85882986000006,-45920.99763289911
125,125,121.81318682700011,-46445.45886080413
126,126,123.11726261700002,-46215.552390667995
127,127,124.14180702600011,-45745.30873552715
128,128,125.26831297099997,-45132.28368182514
129,129,126.30068643500016,-46738.440215898
130,130,127.24663142700015,-46931.07515527898
131,131,128.2634557510001,-45552.56376013289
132,132,129.2417003110001,-45397.579689998165
133,133,130.3585885810001,-46348.36677611946
134,134,131.30403152800014,-45032.801057773075
135,135,132.19668105899996,-44497.495670601944
136,136,133.05159955400006,-45260.34526557029
137,137,134.34424703500014,-45250.96124364837
138,138,135.430673754,-44646.31732827907
139,139,136.31525462400018,-45440.1045836965
140,140,137.30891332299996,-44543.934034753125
141,141,138.344285334,-45067.99840267554
142,142,139.4484670990001,-44854.698276609546
143,143,140.45994496300014,-44140.40309521103
144,144,141.3963134460001,-43816.231061160215
145,145,142.52133400200017,-44918.71015700211
146,146,143.44377506600006,-43720.24573741024
147,147,144.44778370100016,-44474.023299235916
148,148,145.384241025,-43487.707892489096
149,149,146.5674832400001,-44426.00614881876
150,150,147.48797479100003,-44138.5483050485
151,151,148.33693972300006,-43995.9404836403
152,152,149.3036965500001,-43446.12570605649
153,153,150.37091512899997,-44427.893947915916
154,154,151.28084077200003,-43628.80593325492
155,155,152.29957515300006,-43461.51914754547
156,156,153.39125492600013,-44119.8694163946
157,157,154.3399171950001,-43787.9182615838
158,158,155.34583717000007,-43832.40722123
159,159,156.486532396,-42936.29891846283
160,160,157.37431293100013,-43496.14440127565
161,161,158.31992304200014,-43999.7901176513
162,162,159.22387167499994,-43547.6637496525
163,163,160.260596577,-42708.97429849677
164,164,161.31186931999994,-42609.925275426824
165,165,162.36253409800014,-42611.980200270125
166,166,163.34662468000002,-43543.48378192301
167,167,164.45482187,-42705.18535196562
168,168,165.29330111500005,-42850.67330340113
169,169,166.20796827299998,-43211.56601307203
170,170,167.21486439100013,-42443.27380561268
171,171,168.26966809199996,-42835.1471995922
172,172,169.13102196399996,-42412.240191124685
173,173,170.01935198000015,-42202.63483370088
174,174,171.03287479000014,-42487.685270376125
175,175,172.05778359500005,-42949.80820519358
176,176,173.07398809300003,-42414.38122091836
177,177,173.93529550300013,-42651.340345258635
178,178,175.04012066799996,-42147.23455919865
179,179,175.99677496900003,-42053.090375648615
180,180,177.10714141400007,-42683.83201209298
181,181,177.99998864,-42162.38715265808
182,182,178.86970366700004,-42685.69410056464
183,183,179.866223016,-42141.80259115632
184,184,180.86485809100012,-42458.42771581856
185,185,181.77550242499996,-42214.05079648634
186,186,182.7595075800001,-42371.41874202534
187,187,183.74156886300014,-42401.602100106706
188,188,184.83147955000015,-42025.519415958246
189,189,185.776626821,-42278.884620212106
190,190,186.68635158200016,-41923.611647914666
191,191,187.76204490199999,-42040.7497417641
192,192,188.80011997400004,-42224.50527857359
193,193,189.96789101600007,-42440.362682095634
194,194,190.7983353680001,-42354.433913399815
195,195,191.75507552800013,-42243.6495768294
196,196,192.80749130800007,-42059.702077295995
197,197,193.90001334199997,-42005.230909437596
198,198,194.80118536500015,-42113.8318230835
199,199,195.7327883440001,-41830.53018152924
200,200,196.66471277300002,-41798.85564254018
201,201,197.75813184300006,-42049.463688611824
202,202,198.6563701670001,-42184.71774876622
203,203,199.5690040340001,-42054.74827902729
204,204,200.50185916999996,-41960.95228626586
205,205,201.55585661300003,-41765.931708987264
206,206,202.44421346400014,-41850.22769374848
207,207,203.56168171100003,-41606.89533822469
208,208,204.55189939600007,-42143.19315555659
209,209,205.55352023500006,-42205.387635570325
210,210,206.48708291300002,-41877.38566277102
211,211,207.32212625900016,-41768.29708147075
212,212,208.31359526600002,-42209.68041627674
213,213,209.2117052640001,-41836.20751448164
214,214,210.11532766100007,-41897.442747613226
215,215,211.22248836099996,-41744.50265327407
216,216,212.15704473700015,-41816.27345079872
217,217,213.20345985000012,-42085.43644740959
218,218,214.20697598900006,-42280.07527646598
219,219,215.09239600900014,-41738.14431001972
220,220,216.06299268500007,-41718.35545763457
221,221,217.06425293900014,-41595.81514402064
222,222,218.10872675400006,-41816.542310672085
223,223,219.2086871900001,-41759.52341474078
224,224,220.15808939,-42045.948937902875
225,225,221.15942330800007,-41812.506219203155
226,226,222.19969046900013,-41628.60996872587
227,227,223.28311576600012,-41678.629596939005
228,228,224.20408335600013,-41556.81432909999
229,229,225.23486786300003,-41857.16011825524
230,230,226.3452125080001,-41642.70541276503
231,231,227.57648311500006,-41831.39102551616
232,232,228.43173420399998,-41883.07427895792
233,233,229.60224655299996,-41864.71067297162
234,234,230.655678679,-41703.299991148844
235,235,231.665262427,-42119.59706076899
236,236,232.49971297899995,-41690.93014682219
237,237,233.46963997400005,-41509.19136671837
238,238,234.70404965900013,-41610.42611602113
239,239,236.14863809300016,-41730.75103505697
240,240,237.32700901500007,-42034.6254069304
241,241,238.27862877900003,-42194.36714719817
242,242,239.30916940300014,-41769.30561565573
243,243,240.438200421,-41853.29582015973
244,244,241.69842028000008,-41507.740314216266
245,245,242.83685872600006,-41832.39991356261
246,246,243.92752754000003,-41422.527510846
247,247,244.99804960499995,-41912.58830475195
248,248,246.08787704100007,-41955.49905170627
249,249,247.0946299500001,-41645.12584797073
250,250,248.15789162300004,-41575.9275602152
251,251,249.33973476400004,-42204.518132373225
252,252,250.389261696,-41739.49806587715
253,253,251.35689529400005,-41978.49917362957
254,254,252.4856293710001,-41731.47124175376
255,255,253.75885537200014,-41685.856509311576
256,256,254.8739227900001,-42174.80335003439
257,257,255.83203547500017,-41945.4224103066
258,258,256.9238218940002,-42424.9245185627
259,259,257.9487157850001,-42128.51498242987
260,260,259.1241786600001,-41980.87220880462
261,261,260.06100785900014,-41711.88559408238
262,262,261.14784865199994,-41905.69612028536
263,263,262.17572439800006,-41672.18892179073
264,264,263.351607311,-41812.761145481665
265,265,264.39688454899994,-41396.18244758031
266,266,265.395031906,-42059.05112415526
267,267,266.43344089700014,-42042.051705255464
268,268,267.7980376780002,-41977.81864522302
269,269,268.88639084300013,-41883.72640493475
270,270,269.95087439500014,-41742.4773072901
271,271,270.994257347,-42344.409091869726
272,272,272.166399293,-41792.63201901855
273,273,273.41176237,-41849.291710508514
274,274,274.7272595060001,-41521.306259171804
275,275,275.760621192,-41899.70391596435
276,276,276.816874864,-41723.56102180627
277,277,277.84043558199994,-41915.94910189438
278,278,278.99474997899995,-41553.43253890346
279,279,280.3041490940001,-41514.53471582259
280,280,281.364382446,-42303.511166892444
281,281,282.566623241,-41657.57274085708
282,282,283.735127062,-41370.15350669139
283,283,284.74755623999994,-41742.12062632227
284,284,286.0067891050001,-42037.05564111019
285,285,287.01351791200005,-41475.82145440653
286,286,288.1386482090001,-41985.624783000145
287,287,289.0999549310001,-41907.015259886626
288,288,290.187639755,-41966.98564342095
289,289,291.25458432400006,-41586.72599611705
290,290,292.3845155340001,-41729.7785799744
291,291,293.61191018,-41753.86211908311
292,292,294.7046254870001,-41593.58477188717
293,293,295.75229859499996,-41818.68422549883
294,294,296.766380884,-41685.93731272105
295,295,298.05269621500014,-41560.15466540941
296,296,299.18029905299994,-41903.50143964954
297,297,300.32185358900006,-41952.54974720481
298,298,301.31688740900006,-41955.7614672492
299,299,302.3927433610001,-41461.07840097579
300,300,303.56146681300004,-41629.06836529386
301,301,304.60885872100005,-41948.585152554355
302,302,305.6436822100001,-41730.702532518095
303,303,306.73619322400015,-41751.4468739801
304,304,307.70887308399995,-42234.684036114784
305,305,308.858984512,-41577.45395676108
306,306,310.0233897670001,-41617.08355553806
307,307,311.029373486,-42018.058388952464
308,308,312.31121023900005,-41902.72211755911
309,309,313.42346778900003,-41981.91349679093
310,310,314.63932718699994,-42029.47226743503
311,311,315.707093246,-41656.82225798162
312,312,316.81082962700015,-41775.108890816016
313,313,317.943994604,-41402.18051376205
314,314,318.9405257140001,-42289.448192359974
315,315,320.14096961499996,-41312.557321205815
316,316,321.16457548200003,-41435.607965379015
317,317,322.3517898360001,-41699.19781054389
318,318,323.3543059580001,-41739.22234260105
319,319,324.49362217900006,-41558.00957511667
320,320,325.52092486500004,-42253.87311456409
321,321,326.504772914,-41740.37512537266
322,322,327.58918429200014,-42271.085594156335
323,323,328.75511611199994,-41566.888274487144
324,324,329.824529823,-41696.49031593029
325,325,330.982477201,-42189.86756852057
326,326,332.034549761,-41618.47623572759
327,327,333.02379928100004,-42034.769376967175
328,328,334.12219032099995,-42190.05999355683
329,329,335.33421684600006,-41610.7102144918
330,330,336.47435735000005,-41340.09373083192
331,331,337.47415187200005,-41620.05603819224
332,332,338.366129176,-42099.483991212415
333,333,339.36569235700006,-41751.09083315511
334,334,340.63691735600014,-41877.76487281861
335,335,341.727861409,-41401.210772580744
336,336,342.75073770000006,-41622.25603990816
337,337,343.8307205810001,-41792.91312348821
338,338,345.14410308799995,-42118.41521000089
339,339,346.34873776500007,-41770.38229034355
340,340,347.41591949500014,-41510.89795876513
341,341,348.51477053800005,-42103.58214420731
342,342,349.67218555399995,-41352.79556746709
343,343,350.8348923040001,-41773.77405593087
344,344,351.99243136499996,-41814.778701364296
345,345,352.96062512900016,-42094.6414691925
346,346,354.0037570330001,-41875.358223414965
347,347,355.17297997899993,-41678.493610382786
348,348,356.36470533000016,-41966.019192599044
349,349,357.60152419200017,-41799.537617935355
350,350,358.62906360600016,-41784.972754859155
351,351,359.739426171,-41839.01177541556
352,352,360.9058153430001,-42017.99650073895
353,353,361.94921018100007,-41612.97110337806
354,354,363.2759444670001,-41756.18714840789
355,355,364.27530713199997,-41659.87707458679
356,356,365.308127248,-41647.56755921355
357,357,366.42349115400003,-42015.68970380233
358,358,367.56256204700014,-41422.160483903914
359,359,368.700649749,-41848.84159709819
360,360,369.7742103660001,-41380.76445550728
361,361,371.0595586720001,-41637.96664403112
362,362,372.109976928,-41494.34356370153
363,363,373.1680517930001,-41890.71664055904
364,364,374.346158007,-41704.537650666134
365,365,375.53924179200004,-41734.702573492366
366,366,376.74004849000005,-41729.58038668067
367,367,377.7863028010001,-41825.22639483239
368,368,378.920646637,-41475.72253470778
369,369,379.9524969050001,-42079.088429098294
370,370,381.0359413800001,-41913.460926119755
371,371,382.18451968100004,-41716.511071792615
372,372,383.5887561420001,-41438.69696535803
373,373,384.60093006400007,-42147.81182418444
374,374,385.77139164199997,-41645.764850700805
375,375,386.84130999400014,-41892.22309126442
376,376,387.9528572350001,-41633.90989851934
377,377,388.99405961400004,-41620.73290212353
378,378,390.01346737700015,-41760.93596707224
379,379,391.2461763980001,-41505.655300363345
380,380,392.2748343580001,-41924.474087361836
381,381,393.232673568,-41814.889077713095
382,382,394.484226042,-42148.0595328048
383,383,395.60169207,-41797.961832737405
384,384,396.666084991,-41876.0349040689
385,385,397.78603566000015,-41821.3932562969
386,386,398.836998183,-41905.69564090776
387,387,399.70826657600014,-41820.29058571935
388,388,400.84002304200004,-41866.30964172173
389,389,402.0101381500001,-41775.51565300174
390,390,403.09980265500013,-41563.39213254261
391,391,404.2396475030001,-41708.250418223186
392,392,405.529883178,-41703.34416746303
393,393,406.648482462,-42110.8202875767
394,394,407.6391537110001,-41611.022671046594
395,395,408.797847561,-41688.98986047894
396,396,410.045723105,-41766.84756227677
397,397,411.1731317659999,-42072.14502418931
398,398,412.348342606,-41719.7415978362
399,399,413.53329515700005,-41914.93321068069
400,400,414.8141074490001,-41833.866761117024
401,401,415.99673968,-41679.74398934815
402,402,417.0700748500001,-42260.39082654053
403,403,418.12175290300013,-41390.86962959079
404,404,419.23906347100007,-41659.026451765174
405,405,420.46773674900004,-42472.36302457207
406,406,421.91200659500004,-41382.72357720196
407,407,423.15264703400004,-41762.78432731433
408,408,424.32920547000003,-41907.12277918318
409,409,425.42959863100003,-42335.513893303716
410,410,426.62325680600003,-41844.097110806644
411,411,427.8386596100001,-41766.56516666321
412,412,428.92573074399996,-41594.21741471877
413,413,430.10296069,-41831.466037222526
414,414,431.3493029560001,-41474.24925424552
415,415,432.5397788330001,-42021.368120516316
416,416,433.76412854000006,-42167.61595868505
417,417,435.0083468149999,-41881.59338407086
418,418,436.40429589900015,-41911.535776819925
419,419,437.5743065400001,-41845.87687623992
420,420,438.76635477900004,-41981.17398489674
421,421,439.96911728,-41842.42827315704
422,422,441.15989060000015,-41596.098380746014
423,423,442.49002863199996,-42122.94017089735
424,424,443.682733716,-41663.141521147445
425,425,444.9597555920001,-41793.93537831316
426,426,446.0207230270001,-41615.84333575274
427,427,447.12310404,-41767.533334832064
428,428,448.29546386899995,-42168.634781796456
429,429,449.6824256290001,-41852.49086414696
430,430,450.726719622,-41853.17830601454
431,431,451.841749495,-41487.56229085097
432,432,453.26531035500005,-41374.614146633256
433,433,454.503467084,-42307.57446915548
434,434,455.70132383500004,-41584.483971911126
435,435,456.9327108069999,-41554.638982538454
436,436,458.000722403,-41756.025614858154
437,437,459.22633196900006,-42030.63928826213
438,438,460.3743022900001,-41418.856374339564
439,439,461.67839301899994,-41767.77865788811
440,440,462.8036733760001,-42267.894629990806
441,441,463.9834974600001,-41736.079144550626
442,442,465.1126865810001,-41795.015665250976
443,443,466.519269681,-41792.69870101745
444,444,467.6618443670002,-41786.73314566654
445,445,468.874617399,-41877.75303585688
446,446,470.0856313630001,-42437.099954163605
447,447,471.2560078860001,-41472.68592838207
448,448,472.45381702200007,-41845.88373373001
449,449,473.5196794270001,-42017.471773100886
450,450,474.661547749,-41757.52040986284
451,451,475.6841149340001,-42076.45383979947
452,452,476.9399584060001,-41852.77196729524
453,453,478.221380331,-41580.54819326717
454,454,479.36370315000005,-41654.61107481859
455,455,480.60971053299994,-41663.04031878727
456,456,481.8552471860001,-41843.311951842246
457,457,482.98408436700015,-41525.942277595655
458,458,484.32365126100007,-41680.13446864068
459,459,485.44158210300014,-41648.81706059835
460,460,486.79394652400015,-41870.69126692171
461,461,488.15549787,-41840.31838684196
462,462,489.37459181800006,-41624.11835375339
463,463,490.61877734200016,-41591.44909606568
464,464,491.72618029399996,-42021.31489913303
465,465,492.89236282,-41998.20382429577
466,466,494.10214505400006,-41981.52104290892
467,467,495.30091417799997,-42121.62976292135
468,468,496.54901646900004,-41907.62112779217
469,469,497.89039894800015,-41691.443384628124
470,470,498.98242139499996,-41952.76661647686
471,471,500.08789200999996,-42421.918337768104
472,472,501.3407041910001,-41893.14185951277
473,473,502.44394827499997,-41671.36808932666
474,474,503.56600201300006,-41712.61936673207
475,475,504.771680272,-42034.18631071753
476,476,506.01286650000014,-42042.660620114744
477,477,507.25640012800005,-41717.231163220335
478,478,508.360375993,-41828.288963640436
479,479,509.64042341399994,-41821.64374382784
480,480,510.81512369499995,-42133.202035867085
481,481,511.9547821640001,-42430.592360604394
482,482,513.2913801650001,-42054.485444104845
483,483,514.4370386540002,-41530.38986841685
484,484,515.6115365930001,-42264.8841289101
485,485,516.9725282900001,-42161.26253782188
486,486,517.9650053270002,-41704.52826168493
487,487,519.115675553,-42373.273152098365
488,488,520.264905899,-41746.05361524408
489,489,521.5036689670001,-41859.831886083084
490,490,522.764600191,-41645.014808513675
491,491,523.899555329,-42371.49768107779
492,492,525.1840397450001,-41847.69758677375
493,493,526.310214019,-42237.54754971449
494,494,527.504053552,-41658.31963883099
495,495,528.647063352,-42140.11176419127
496,496,530.0397462010001,-41648.74092204499
497,497,531.211764266,-41737.805680806305
498,498,532.409734392,-41666.843737252
499,499,533.8692286890001,-42334.523058450395
500,500,535.0132961420002,-41737.475508359705
501,501,536.3469901919999,-41871.98678212985
502,502,537.6767128760001,-41764.290905558104
503,503,539.154343277,-42006.833657282514
504,504,540.454930182,-41886.345091902345
505,505,541.709737691,-42101.84610546829
506,506,543.1118385289999,-41838.40350194468
507,507,544.343588851,-42520.880490899086
508,508,545.5263163190001,-41901.95332856127
509,509,546.785665779,-41427.50839838482
510,510,548.151172874,-41908.52597198142
511,511,549.392068027,-41802.90765251272
512,512,550.4929182310001,-42085.18595270219
513,513,551.688228929,-41921.6699724899
514,514,552.8377412689999,-41801.36658183239
515,515,554.0984979909999,-41943.62100280326
516,516,555.2927659439999,-42217.12028365741
517,517,556.552352049,-41784.58651690987
518,518,557.608054229,-41618.39642375064
519,519,558.7949175890001,-42257.66479624258
520,520,560.0740295400001,-41966.38402624011
521,521,561.256027533,-42607.866501766766
522,522,562.4588953240001,-42056.772234926364
523,523,563.5958199360001,-42325.645549449866
524,524,564.8044603950001,-41944.366401055115
525,525,566.034798024,-41710.13283761798
526,526,567.1829646369999,-41778.459719252816
527,527,568.3391107760001,-41876.007080483614
528,528,569.732924948,-42036.10073872433
529,529,570.8837489480001,-41659.342940969465
530,530,572.0399822990001,-41571.57805059538
531,531,573.1835865109999,-41868.354962564845
532,532,574.3762382059999,-41483.285077469925
533,533,575.6107942420001,-41728.993110506286
534,534,576.695686569,-41885.55645468748
535,535,577.910486838,-42114.53328496673
536,536,579.172617551,-41910.49309119683
537,537,580.4363433240002,-42445.06186143396
538,538,581.655651592,-42970.57176374098
539,539,582.762590101,-42218.595709894245
540,540,584.04796934,-42132.187151189864
541,541,585.2790744890001,-41659.49115760273
542,542,586.4709083480001,-42078.77934894319
543,543,587.7162184519999,-42757.967962396135
544,544,589.1006405690001,-41981.74078021515
545,545,590.2646171450001,-42371.94026900878
546,546,591.462938383,-41969.75311718676
547,547,592.566017449,-41973.560962301475
548,548,593.7388561270001,-41614.44280760909
549,549,594.979553071,-41954.6155226665
550,550,596.0974533440002,-41596.55636817629
551,551,597.308755463,-42298.89459773443
552,552,598.670156963,-41915.31711350593
553,553,599.801051971,-42176.3588653787
554,554,600.9534574300001,-41933.40954276281
555,555,602.2242112810001,-41799.031977672974
556,556,603.426170663,-41600.071783406005
557,557,604.5448779139999,-41946.17653969982
558,558,605.678895356,-42045.895625012585
559,559,606.981157425,-41793.55210307554
560,560,608.3702604780001,-42257.487111666574
561,561,609.5128473220001,-42100.577019787524
562,562,610.72004561,-41729.87438363682
563,563,611.9491981400001,-42228.35608485154
564,564,613.136446927,-42391.78773771609
565,565,614.3198480030002,-41895.08948073986
566,566,615.4005142480001,-42078.77957347737
567,567,616.633913826,-41679.06674636844
568,568,617.8621557610002,-41748.25300170455
569,569,619.100870709,-42340.34852613932
570,570,620.1636607370001,-42310.11022036841
571,571,621.44310827,-42426.849680643725
572,572,622.617926579,-42060.67488559769
573,573,623.951532886,-42555.42868949471
574,574,625.171841287,-42012.97139269402
575,575,626.5602299080001,-42374.62044253037
576,576,627.8770743250001,-41468.764460973005
577,577,628.9787437680002,-41676.53655359104
578,578,630.061589122,-42399.7673226632
579,579,631.3301142,-41935.67594108316
580,580,632.5629985840001,-41655.8352381805
581,581,633.846721796,-41512.9672928541
582,582,635.002464542,-42486.95978808765
583,583,636.159204878,-41661.46128197123
584,584,637.410273556,-42062.7169545248
585,585,638.660773163,-42004.724353965285
586,586,639.870933815,-42138.47457123966
587,587,641.1189954829999,-41864.6165343251
588,588,642.3242572390001,-41856.61615203797
589,589,643.539674002,-42073.5843998784
590,590,644.5952823599999,-41930.296590269485
591,591,645.87048999,-41809.174361645375
592,592,647.216605969,-41962.43924040368
593,593,648.382121814,-42029.09737299231
594,594,649.5247888560001,-42148.338829460015
595,595,650.561643022,-42264.28689384651
596,596,651.7311035640001,-41870.085957920004
597,597,652.935284847,-42039.775380549734
598,598,654.101686287,-41968.06291497352
599,599,655.457218433,-41709.47835863434
600,600,656.8643384760001,-41762.73353667036
601,601,658.0399731939999,-41875.104600644496
602,602,659.089327888,-42620.928722195444
603,603,660.3036100549999,-41666.79554730282
604,604,661.4724717130001,-42029.93586765276
605,605,662.8160452260001,-42472.31590306641
606,606,663.877033258,-41846.89691026627
607,607,665.084982402,-41991.068570818825
608,608,666.3789053930001,-41737.36773355738
609,609,667.5053839640002,-42336.369057049895
610,610,668.6088325679999,-41794.3033373938
611,611,669.7489093390001,-41686.18674540964
612,612,670.9661982640001,-41677.593729646636
613,613,672.1789263380001,-42340.35496054402
614,614,673.4286725240001,-42302.575887635394
615,615,674.720271247,-41710.82371484382
616,616,676.1594457320002,-41812.89317209465
617,617,677.2639842760001,-42317.62464711176
618,618,678.3769098790001,-42297.7234820847
619,619,679.5090666200001,-41827.54300350169
620,620,680.681722651,-41623.481083332306
621,621,682.027499074,-41717.97256655267
622,622,683.2193685220002,-42002.53081527238
623,623,684.3675499640001,-41850.92996900635
624,624,685.6690123510001,-42103.63596327907
625,625,686.792708496,-41769.35216474435
626,626,687.9276587900001,-42323.038400982405
627,627,689.079755403,-41874.593318123036
628,628,690.2773556070001,-42125.800509982546
629,629,691.435780651,-42242.30584009806
630,630,692.5535430860001,-41771.1545410782
631,631,693.7548024,-41954.181600498996
632,632,695.059525857,-41693.67354830123
633,633,696.1239237489999,-42200.8550823178
634,634,697.2588180119999,-41789.719315406095
635,635,698.407976073,-42238.368704418404
636,636,699.610885961,-41857.06911139355
637,637,700.811714876,-41914.40823598417
638,638,701.90911703,-42729.32239743563
639,639,703.233279611,-42419.79236435432
640,640,704.5119263040001,-41948.73752366077
641,641,705.7275280390002,-41934.53133372688
642,642,706.9994846440001,-42344.27986276648
643,643,708.1878062350002,-42320.72470831704
644,644,709.36009413,-41891.95892400918
645,645,710.6413118340001,-42025.197049858405
646,646,711.6912889600002,-41854.56886051974
647,647,712.9215833830001,-42287.99065731874
648,648,714.300379564,-41923.19962018337
649,649,715.4335171500001,-42239.928038967555
650,650,716.549042488,-41959.98935460246
651,651,717.7233237250001,-42438.622840960095
652,652,719.0431938650001,-41817.339408551554
653,653,720.3796232910001,-41885.635782886246
654,654,721.5040309100001,-41556.39479984062
655,655,722.6678635370001,-41770.70507004792
656,656,723.921332028,-41826.64657392297
657,657,725.1631291540001,-41795.77770548559
658,658,726.3840069620001,-42038.265106977735
659,659,727.4873168040001,-42145.12784720447
660,660,728.6392061560001,-42070.412954172665
661,661,729.8613292230001,-41801.11265303449
662,662,730.9208579489999,-41746.526877179436
663,663,732.0436323670001,-42592.2038413865
664,664,733.4555609980001,-42309.6297377694
665,665,734.557453243,-41790.40643176581
666,666,735.6536072650001,-42181.0472619373
667,667,736.6635823770001,-41959.60099166453
668,668,737.6809610500002,-42165.38765473716
669,669,738.9186323990001,-41859.42324197426
670,670,739.9801020250001,-41799.50009681179
671,671,741.1782889000002,-41845.10233694784
672,672,742.523695745,-42409.47816019076
673,673,743.6027392320001,-41934.967954466825
674,674,744.823086336,-41849.16914873005
675,675,746.0825590320001,-41826.32252210458
676,676,747.2759449280001,-42235.17564123815
677,677,748.5321872810001,-41958.456999625756
678,678,749.6588891389999,-41904.46142523986
679,679,750.897236776,-42113.02988292171
680,680,752.217702865,-41990.0414436267
681,681,753.4278536820001,-41760.99623427838
682,682,754.6223879670001,-42355.49409842761
683,683,755.8588848190002,-42031.235696792704
684,684,757.060971031,-42121.81862940582
685,685,758.2864223830001,-41894.4959962015
686,686,759.5406695820001,-42066.44079491433
687,687,760.704963571,-41834.26604847357
688,688,761.9839751370001,-42315.15727942868
689,689,763.0648895300002,-42583.52198261024
690,690,764.2230983779999,-42099.57984097036
691,691,765.3379546140001,-42157.57759081936
692,692,766.4381006550001,-42085.720754450325
693,693,767.6578758620002,-41820.71652189533
694,694,768.8879176220001,-42065.57094291852
695,695,770.210938094,-42275.43340136601
696,696,771.5408675479999,-42375.2739697279
697,697,772.6710355020001,-41766.99729448283
698,698,773.802743812,-42608.03966468807
699,699,774.9790295120001,-41886.08177535722
700,700,776.2099805890001,-41868.88550658768
701,701,777.4970778170001,-41686.10644969513
702,702,778.7338479640001,-41688.50324335731
703,703,779.9745051630001,-41982.9997727906
704,704,781.189283679,-41907.99466388508
705,705,782.361779493,-41632.90901656378
706,706,783.5427290619999,-42233.111271924055
707,707,784.7514472870001,-41634.60826263852
708,708,785.9775649760002,-41932.40396415746
709,709,787.27823956,-41824.23911969492
710,710,788.440885902,-42127.188841042574
711,711,789.5601241440002,-42340.44939408959
712,712,790.910971907,-41759.88965969314
713,713,792.061268112,-41867.939798836705
714,714,793.1464305840001,-41949.12943590246
715,715,794.17759958,-41793.35368554355
716,716,795.3901208,-42113.61314560632
717,717,796.8201101690001,-41609.272962378716
718,718,798.043340554,-41897.90636896528
719,719,799.3164809500001,-42226.67402271425
720,720,800.7076047620002,-42441.316841792715
721,721,801.7758323549999,-41859.704274821655
722,722,802.8887956520001,-42498.011042648664
723,723,804.0266528200001,-42050.79787049362
724,724,805.173705153,-42487.23397892199
725,725,806.2852090570001,-42182.85599452323
726,726,807.3021994900001,-42126.33214365167
727,727,808.540655066,-42191.34178930741
728,728,809.860157315,-42121.91838883427
729,729,811.0132257220001,-41963.163316528764
730,730,812.16768519,-42066.38410674051
731,731,813.360178251,-42318.35842228912
732,732,814.5163172,-41842.67966222727
733,733,815.830923053,-41894.149737475236
734,734,817.092362691,-42060.66818807703
735,735,818.473634341,-42259.08601066589
736,736,820.027076676,-42223.548818980285
737,737,821.285955861,-42064.71886025193
738,738,822.552961978,-42076.43799885793
739,739,823.7249229710001,-42662.39007476592
740,740,824.8891446870001,-41828.267782969786
741,741,826.2150885550002,-41913.93048420295
742,742,827.3979867580001,-41700.42578243406
743,743,828.7117570570001,-42119.07161818523
744,744,830.149903602,-41729.976467970984
745,745,831.306703545,-41893.70839262317
746,746,832.4810282609999,-42208.81300022932
747,747,833.6964409500001,-42211.52455866255
748,748,834.8348100480001,-41982.76204035588
749,749,835.929982892,-41684.247915524254
750,750,837.1135455560001,-42138.743692955264
751,751,838.3501377500002,-42570.35430778531
752,752,839.821576162,-41590.032156326575
753,753,841.0308046819999,-41836.32735276032
754,754,842.2906902599999,-42163.74497539409
755,755,843.5034434830001,-42055.458550806296
756,756,844.5632415330001,-41973.225636082585
757,757,845.852504171,-42063.422648734355
758,758,846.8136668030002,-41782.44119409113
759,759,848.0694636460001,-41901.26061896328
760,760,849.2139996320001,-42216.337460805385
761,761,850.293251335,-42021.925556729606
762,762,851.465909348,-42348.37377861835
763,763,852.6203467810002,-42024.12116491211
764,764,853.8152382200001,-42709.84509329742
765,765,855.141042918,-41800.41662046081
766,766,856.3672964470002,-42024.84764924585
767,767,857.5473231650001,-41946.80139024311
768,768,858.9100224780002,-42116.64249089743
769,769,860.0496161690002,-41757.03946092025
770,770,861.240843743,-41800.201787505976
771,771,862.4723154410002,-41575.3828749548
772,772,863.5631519110001,-42266.884337614116
773,773,864.894900145,-42100.9423460099
774,774,866.0545837170001,-41874.39990648472
775,775,867.2980787910001,-42045.32702767356
776,776,868.600922901,-41874.24048515877
777,777,869.801171581,-41926.49721708133
778,778,870.9101508159999,-42037.34874458973
779,779,871.952074104,-41563.45700246267
780,780,873.1100452820001,-41748.1277490032
781,781,874.4458182470001,-41681.811469307584
782,782,875.523115145,-42249.207705745546
783,783,876.727429991,-42658.749069514066
784,784,878.116239283,-42250.23926699441
785,785,879.1789200730001,-41904.07683508593
786,786,880.3147512959999,-42128.030741279115
787,787,881.5663801860001,-42086.2336983846
788,788,882.74872653,-42836.10958041234
789,789,883.9515580479999,-42322.81926872339
790,790,885.17631723,-41900.130689448175
791,791,886.3963879510001,-42006.54248071743
792,792,887.707521572,-42121.6038306675
793,793,888.836318968,-42265.4893068291
794,794,890.005152566,-42426.3171716557
795,795,891.228322211,-41912.81516722275
796,796,892.3273900680001,-41851.954279499936
797,797,893.545730397,-42401.25296631578
798,798,894.7492760700001,-42144.9787657038
799,799,895.9326855859999,-41986.587332509196
800,800,897.292910309,-42332.85083741577
801,801,898.4059060320001,-42741.01245436318
802,802,899.5855354710001,-41880.370832080094
803,803,900.7252214030001,-42340.67241074037
804,804,901.7721968220001,-42205.29392610945
805,805,902.9371244790001,-42382.23346135765
806,806,904.144198616,-41933.37595384427
807,807,905.364042331,-41542.30150891407
808,808,906.7616464109999,-42353.515037932455
809,809,908.00341972,-41921.963912164676
810,810,909.164256354,-42016.3180176166
811,811,910.356124408,-41698.08187027348
812,812,911.5888797450002,-42111.26156547432
813,813,912.794226534,-41806.49433065344
814,814,913.954265397,-42081.11468979317
815,815,915.0864357270001,-42734.55340323525
816,816,916.3952968970001,-41855.104323395484
817,817,917.5378188630001,-42023.1877790522
818,818,918.709761177,-42482.20796230118
819,819,919.905123669,-41889.74086524561
820,820,921.1449314810002,-41841.59167771757
821,821,922.4174603740001,-42575.252327254
822,822,923.565184591,-41813.30451034284
823,823,924.7826899380001,-42101.9043990543
824,824,926.188663764,-41846.0371234336
825,825,927.392010283,-43296.55798657017
826,826,928.6975552580002,-41732.67032733491
827,827,929.857772347,-41766.042594798535
828,828,931.011276493,-41769.682975278854
829,829,932.3358418160001,-42836.64994597247
830,830,933.469903446,-42384.73012789142
831,831,934.6851091870001,-42178.44531079983
832,832,935.99132851,-41896.29471147208
833,833,937.188225467,-42251.59154162003
834,834,938.337799819,-41970.93144227186
835,835,939.3588674680001,-42265.334562145625
836,836,940.516001847,-41737.099671274314
837,837,941.9622271910001,-42128.82761596452
838,838,943.1239347810001,-41921.332968093615
839,839,944.487452095,-42382.708134803084
840,840,945.995980873,-41661.03241695966
841,841,947.250480612,-42338.26117096771
842,842,948.6058320159999,-42303.73220605815
843,843,949.8374513760001,-41868.70151004138
844,844,951.005179876,-42310.75041021453
845,845,952.5440507610001,-42717.74829523079
846,846,953.741169452,-41941.23480246959
847,847,954.9762564700001,-42359.482397367945
848,848,956.2697072760001,-42056.71047332417
849,849,957.4744471080002,-41805.41865234761
850,850,958.6446382720002,-42101.53070216239
851,851,959.9332900210001,-41594.26892244976
852,852,961.202018243,-41755.052019540184
853,853,962.3902144130002,-42702.475599732454
854,854,963.5705232610001,-41947.45257747151
855,855,964.8329067880001,-42419.0023275729
856,856,966.25481982,-41983.35092175343
857,857,967.3843720290001,-41949.763751767714
858,858,968.4031179420001,-42387.816780465866
859,859,969.5973725560001,-42425.1067236018
860,860,970.798357155,-41725.22609137115
861,861,972.123531024,-41934.5077408005
862,862,973.238065277,-42052.55940437356
863,863,974.500124949,-42228.51679805243
864,864,975.7313057990001,-41916.11937854303
865,865,976.9832686560002,-42214.374813732655
866,866,978.1201295830001,-42388.0545842445
867,867,979.2404466160001,-42368.937406758596
868,868,980.4201146580001,-41623.237549507634
869,869,981.6230789180001,-42901.41931467841
870,870,982.7575950680001,-42407.32371612374
871,871,983.975762278,-42333.75205424876
872,872,985.4824822060001,-42170.59656977418
873,873,986.492070039,-41886.123607036214
874,874,987.597220919,-41770.74672429696
875,875,988.7782245020002,-41945.47618903753
876,876,990.0123116980001,-41893.4394118192
877,877,991.3051446590001,-42307.32980008685
878,878,992.36931505,-42083.35878103159
879,879,993.7124278680001,-41796.12792594562
880,880,995.0596445179999,-41730.849452170965
881,881,996.2355311870001,-41916.79042252289
882,882,997.2776896100002,-42621.64513081809
883,883,998.4191453030002,-42102.04012639699
884,884,999.513150334,-42055.43182999126
885,885,1000.8833233270001,-42077.72942371007
886,886,1002.1355813420001,-41862.85989996654
887,887,1003.2983878499999,-41943.066781957314
888,888,1004.672206903,-42232.253628038205
889,889,1005.7529921,-42730.21079714526
890,890,1006.8917325950001,-42461.8515378244
891,891,1008.0767810630001,-41825.54475100503
892,892,1009.3079452220001,-41924.72127627389
893,893,1010.6249229190001,-42584.05431511303
894,894,1011.8683579650001,-42750.478482333594
895,895,1013.1717480420001,-42412.60935532907
896,896,1014.4801629980001,-41997.00368322822
897,897,1015.6209650160001,-42050.01791309848
898,898,1016.859473439,-41933.31972423948
899,899,1017.996481973,-42398.84863213053
900,900,1019.147491418,-42027.58578846301
901,901,1020.478855024,-42467.24702029628
902,902,1021.7240375530001,-42000.46155139034
903,903,1022.8684386030002,-43289.00164788819
904,904,1024.327687452,-42258.911550093886
905,905,1025.477981306,-42362.48881412736
906,906,1026.622668768,-42224.99924234427
907,907,1027.82324215,-42185.35420569928
908,908,1028.969672942,-42267.95118466801
909,909,1030.0692755660002,-41942.845436451986
910,910,1031.066669661,-41704.560356077054
911,911,1032.236602076,-42253.488604203114
912,912,1033.715179477,-42330.46434413113
913,913,1034.865225724,-41919.28971923893
914,914,1036.1006815380001,-42690.866181817575
915,915,1037.349346921,-42186.84477897927
916,916,1038.4547163270001,-42574.577947599115
917,917,1039.5638401229999,-41722.68814857288
918,918,1040.7642916180002,-42662.344519986655
919,919,1042.0921810240002,-41550.01607016566
920,920,1043.453961302,-42154.58490239487
921,921,1044.456257258,-42421.12250091793
922,922,1045.652897122,-42089.73912948585
923,923,1046.750076192,-42269.18732613792
924,924,1047.874939544,-42009.1447961031
925,925,1049.0287387140002,-41754.4203154101
926,926,1050.272273773,-41700.746386028215
927,927,1051.4839148889998,-42163.47826173505
928,928,1052.7301759100003,-42098.96010471922
929,929,1053.784164115,-42536.058724606
930,930,1055.056926029,-41988.51240845072
931,931,1056.241892978,-41981.541077934045
932,932,1057.4333024150003,-41798.57145052169
933,933,1058.700409306,-42290.700127910575
934,934,1059.8941329570002,-41887.99412100509
935,935,1061.1640198440002,-41896.23839675559
936,936,1062.544595261,-42103.38363181985
937,937,1063.732709026,-42110.753307293555
938,938,1064.8361938970002,-42305.33157065496
939,939,1065.9247246810003,-42170.0968604776
940,940,1067.1164740420002,-42041.229712377804
941,941,1068.3666608880003,-42875.35698728657
942,942,1069.6350586630003,-42259.00471853661
943,943,1070.7874469480003,-42126.0513993704
944,944,1072.2982722670004,-41866.77911294918
945,945,1073.720849932,-41704.154552898675
946,946,1074.890667357,-42906.428327248985
947,947,1076.037642796,-42028.95774743017
948,948,1077.189583788,-41772.763707308644
949,949,1078.4354800920003,-41848.758063522284
950,950,1079.4831984550003,-42020.22037072927
951,951,1080.718194098,-42129.68972688169
952,952,1082.1442528880002,-42732.19061523076
953,953,1083.3037109370002,-41807.13177566392
954,954,1084.4807874960002,-42407.33489184898
955,955,1085.7241881640005,-42603.09579521465
956,956,1087.001029927,-42091.72003452197
957,957,1088.332196039,-42063.606247580814
958,958,1089.528768596,-42562.62350263278
959,959,1090.652296769,-41797.47361760168
960,960,1092.061581112,-42624.38477168417
961,961,1093.3020311250002,-41676.300439767365
962,962,1094.6089176500002,-42090.5231727605
963,963,1095.7170859810003,-42482.43970308377
964,964,1096.827177052,-41957.73065952184
965,965,1097.9868544110004,-41914.83989049877
966,966,1099.1176053940003,-42036.59851646266
967,967,1100.352404108,-42301.649031053224
968,968,1101.643811098,-41990.46387829025
969,969,1102.8179021600001,-42153.56402541147
970,970,1104.0339815090001,-41803.283968511656
971,971,1105.249103151,-42035.921275668465
972,972,1106.376807829,-42349.93670497066
973,973,1107.6175228090003,-42046.92434922962
974,974,1108.8282234090004,-42592.00007182621
975,975,1110.0783014080002,-42386.410532116
976,976,1111.2912276560003,-41914.344732532496
977,977,1112.367349926,-42216.60126485565
978,978,1113.555016795,-42155.448184844776
979,979,1114.7780123590003,-41927.18408610304
980,980,1115.9665255050002,-42104.33111559853
981,981,1117.267423581,-41738.19707798271
982,982,1118.4462931000003,-42243.091717187395
983,983,1119.81190851,-42221.53366872442
984,984,1121.2349062610003,-42277.30343226437
985,985,1122.3914170790003,-42776.84859482494
986,986,1123.5191172830002,-41995.020995521874
987,987,1124.6163227150003,-41919.48361822183
988,988,1125.711538251,-42481.451190457185
989,989,1126.906544759,-41954.803718827694
990,990,1128.0540242620004,-42013.35863147666
991,991,1129.42253535,-42210.97631132291
992,992,1130.8201256030002,-42121.29964556485
993,993,1132.1459305740004,-41793.960142531825
994,994,1133.4377056710002,-42388.65761729089
995,995,1134.590999907,-42002.830240191965
996,996,1135.735964914,-42021.0497388936
997,997,1137.06713711,-42239.01208804887
998,998,1138.2656518120002,-42315.84725440452
999,999,1139.665796358,-41724.00448299284
1000,1000,1140.9154557020004,-41992.06145929804
1001,1001,1142.0746876120004,-42509.02813224046
1002,1002,1143.2950066920002,-42005.772545338266
1003,1003,1144.4334039190003,-42114.055140450306
1004,1004,1145.5505126380003,-42043.43018122629
1005,1005,1146.7329601490003,-42943.864711499366
1006,1006,1147.885020655,-41700.69166752645
1007,1007,1149.1766271880003,-42714.84010344664
1008,1008,1150.517930774,-42179.06217924237
1009,1009,1151.720905233,-42000.87155952447
1010,1010,1152.856932438,-42547.58876081567
1011,1011,1154.1009304840002,-41779.11845431204
1012,1012,1155.233306723,-41907.62082756414
1013,1013,1156.5489134130003,-42137.03236588526
1014,1014,1157.733754858,-42351.54722848997
1015,1015,1158.9895878060004,-41801.89833135075
1016,1016,1160.3428444890003,-41811.72269429358
1017,1017,1161.496952732,-42020.72110356366
1018,1018,1162.6478419300001,-41724.81574451083
1019,1019,1163.758488115,-42008.7378854293
1020,1020,1164.898864275,-41977.76494710257
1021,1021,1166.2335097680004,-42059.65039881039
1022,1022,1167.468754125,-42036.39271275802
1023,1023,1168.65406331,-42389.33382328519
1024,1024,1170.104485847,-42142.18476505602
1025,1025,1171.2499264500002,-41923.91211929053
1026,1026,1172.4977589540001,-41743.49037126998
1027,1027,1173.6029190800004,-42288.17655738894
1028,1028,1174.6888689640002,-42429.27256299288
1029,1029,1175.9460244550003,-42137.79233174428
1030,1030,1177.17377073,-41685.166201637054
1031,1031,1178.5937440280002,-41858.76342400801
1032,1032,1180.036135452,-42364.220018797925
1033,1033,1181.1701361430003,-42202.87626685067
1034,1034,1182.2386480840003,-42634.33924478734
1035,1035,1183.4301184090004,-41947.68578561857
1036,1036,1184.4076932570003,-41947.01237934983
1037,1037,1185.5946124860002,-42163.46410359309
1038,1038,1186.7654893320002,-42378.12428897321
1039,1039,1187.9542672470002,-42090.57310572054
1040,1040,1189.4130970990002,-41895.04276434141
1041,1041,1190.6120989530002,-41893.785892585554
1042,1042,1191.756285902,-42856.69730827924
1043,1043,1192.915669425,-41947.85219176171
1044,1044,1194.1400818430004,-41997.220560620044
1045,1045,1195.337545063,-42802.992669889485
1046,1046,1196.484335337,-41791.873971296896
1047,1047,1197.6667972690002,-41676.18985716798
1048,1048,1199.0508980410002,-42069.321625296914
1049,1049,1200.1448564710001,-42047.74358271723
1050,1050,1201.3538973930004,-41960.22403469172
1051,1051,1202.555785563,-42167.896399429395
1052,1052,1203.6490664980001,-42010.50411703541
1053,1053,1204.8498433830002,-41833.72826575775
1054,1054,1206.0620842210003,-42123.279088052164
1055,1055,1207.181553849,-41980.43889152784
1056,1056,1208.5092140590004,-42450.12690760797
1057,1057,1209.677771824,-41795.72356228182
1058,1058,1210.8802904190002,-42809.35205451855
1059,1059,1212.0542142390004,-42513.808131346224
1060,1060,1213.2065721400004,-42370.4872483491
1061,1061,1214.4193530050004,-41891.8502948425
1062,1062,1215.5589194810004,-42450.523309866505
1063,1063,1216.7457597210002,-42190.29540787393
1064,1064,1218.0011157920003,-42949.4505897174
1065,1065,1219.163245203,-41812.84405070592
1066,1066,1220.2984984900002,-42012.845723865415
1067,1067,1221.357133833,-42198.60115213905
1068,1068,1222.6236279890002,-42299.32582568544
1069,1069,1223.8164049190004,-42200.1161872597
1070,1070,1224.945503329,-41793.83958312518
1071,1071,1226.174541987,-41968.73216984321
1072,1072,1227.6593935750002,-42226.88536686226
1073,1073,1228.7783323200001,-42090.703809864186
1074,1074,1229.9764686110002,-42042.30340970244
1075,1075,1231.0656422800002,-42248.69563199257
1076,1076,1232.257627969,-42301.68518333552
1077,1077,1233.5683928770004,-42443.24823157309
1078,1078,1234.6554719780004,-41925.68954762367
1079,1079,1235.832886684,-42782.174644818704
1080,1080,1237.1825188550004,-42608.69398236016
1081,1081,1238.2842695130003,-42883.68471693417
1082,1082,1239.366525868,-41977.01855789925
1083,1083,1240.5096884250004,-42499.11343282254
1084,1084,1241.7059946580002,-41887.32402276199
1085,1085,1242.871448411,-42769.04586838128
1086,1086,1244.0117895110002,-41995.061674149
1087,1087,1245.253504164,-42521.62171856409
1088,1088,1246.7448642440002,-42336.667481799195
1089,1089,1247.9288929210002,-42020.17345777103
1090,1090,1249.18865204,-42311.23459395507
1091,1091,1250.3702734110002,-42660.5103176117
1092,1092,1251.5232749510003,-42150.91543016929
1093,1093,1252.761556899,-41771.99260519253
1094,1094,1253.9814881410002,-42932.82176250857
1095,1095,1255.255468857,-41955.193469843296
1096,1096,1256.5999612680002,-42044.963182560605
1097,1097,1257.7382429150002,-42950.66359396997
1098,1098,1258.935564886,-41922.27559826221
1099,1099,1260.089055284,-42021.98896406336
1100,1100,1261.31481177,-42520.577792793
1101,1101,1262.5935683090001,-42638.57893907338
1102,1102,1263.798779536,-41935.30057351176
1103,1103,1265.0710647190003,-42147.99979782316
1104,1104,1266.470643414,-42340.80916416837
1105,1105,1267.6316856140002,-41934.098746542135
1106,1106,1268.8624720430003,-42244.298263718025
1107,1107,1269.989736544,-41927.29407238439
1108,1108,1271.1652384450003,-42397.12773738617
1109,1109,1272.4097498429999,-41770.67957363389
1110,1110,1273.5962582460004,-42619.64769630752
1111,1111,1274.8080361470002,-42565.91828583712
1112,1112,1276.0602012320003,-42401.697443836296
1113,1113,1277.1528990820004,-41604.10371367935
1114,1114,1278.3626664260003,-42125.40116459635
1115,1115,1279.542329463,-43337.01604308025
1116,1116,1280.754346378,-41815.716248562276
1117,1117,1281.9759705970002,-42574.61721608879
1118,1118,1283.0742208270003,-41980.086211790374
1119,1119,1284.3222437690004,-42129.51848862115
1120,1120,1285.4628549230001,-41854.29343123725
1121,1121,1286.4536085040002,-43113.3829414124
1122,1122,1287.527780605,-42515.03614064162
1123,1123,1288.6165580190002,-41772.09479201026
1124,1124,1289.8527233000002,-41976.60836619008
1125,1125,1291.2347752150004,-41672.83688322902
1126,1126,1292.471743491,-42251.10209365628
1127,1127,1293.8239336970003,-42164.260796466566
1128,1128,1295.260646319,-41785.11449399036
1129,1129,1296.560639514,-41684.07767293851
1130,1130,1297.7368549330001,-42627.60213518521
1131,1131,1299.0126701930003,-41594.19193605319
1132,1132,1300.4016797440001,-42158.71618688397
1133,1133,1301.4872321740002,-41818.78304757707
1134,1134,1302.7454604250001,-43576.88923990871
1135,1135,1304.2183336140001,-43071.38959425537
1136,1136,1305.59930755,-42364.5894022788
1137,1137,1306.8442235670002,-41974.690020296584
1138,1138,1308.0136704230001,-42546.503933623346
1139,1139,1309.1160433220002,-42006.89808147625
1140,1140,1310.4214274870003,-42353.18754889938
1141,1141,1311.6346807910004,-42664.407420720105
1142,1142,1312.785073191,-41960.66294877938
1143,1143,1313.9441982550002,-41830.08158719008
1144,1144,1315.2657760320003,-41908.4361702709
1145,1145,1316.3846763600004,-42030.05341914484
1146,1146,1317.58884803,-41511.506595813094
1147,1147,1318.7186205560001,-42525.655116830465
1148,1148,1319.892339577,-42134.83902143243
1149,1149,1321.1742614530003,-42018.02664998728
1150,1150,1322.344988022,-42093.344771379954
1151,1151,1323.536832169,-42137.61329979423
1152,1152,1324.9468580360003,-42067.30006770331
1153,1153,1326.226291418,-42300.97800098266
1154,1154,1327.4558027480002,-42307.68513976631
1155,1155,1328.6313332330003,-42490.734550385125
1156,1156,1329.8819630960002,-42007.108783991294
1157,1157,1331.0979136590004,-42142.404542977616
1158,1158,1332.2469678580003,-41897.385292169536
1159,1159,1333.4616398460003,-41852.86152676846
1160,1160,1334.8527154140002,-42430.97475465187
1161,1161,1335.9389901550003,-42797.96299373379
1162,1162,1337.1535646550003,-41978.139242776335
1163,1163,1338.3236384140002,-42385.98893612594
1164,1164,1339.5061543890001,-41953.97848210123
1165,1165,1340.7474143370002,-41818.6980085527
1166,1166,1341.7678728630003,-41716.11789500211
1167,1167,1343.0296371290003,-42218.07431370957
1168,1168,1344.4177655500002,-41966.84463481803
1169,1169,1345.535708447,-41603.76999080937
1170,1170,1346.6570775630005,-42464.69258428081
1171,1171,1347.7237099800002,-41677.75158463936
1172,1172,1348.9559412510005,-41825.10584108261
1173,1173,1350.1336904740003,-41886.26160748104
1174,1174,1351.2691093760002,-42384.77038886075
1175,1175,1352.433020213,-42310.262961455366
1176,1176,1353.7341800860004,-42612.071085183474
1177,1177,1354.9893612910003,-42046.09361115298
1178,1178,1356.1424029160003,-42015.00969158713
1179,1179,1357.2993327840004,-41827.543820677776
1180,1180,1358.4486833320004,-42408.933986638425
1181,1181,1359.692913559,-42216.55608812246
1182,1182,1360.8198847170001,-41748.43804035378
1183,1183,1361.9734156520003,-42137.36012366515
1184,1184,1363.3528738700002,-41879.30455141471
1185,1185,1364.6082209200001,-41964.00089439526
1186,1186,1365.744228966,-41925.70904729911
1187,1187,1366.8727680140003,-42287.61691671013
1188,1188,1368.0030229470003,-41977.94764280531
1189,1189,1369.2906739480002,-42108.57170335183
1190,1190,1370.5189621260004,-41877.88271737403
1191,1191,1371.8266005020002,-42106.97388209988
1192,1192,1373.1873521140003,-42116.341865379145
1193,1193,1374.3627252370002,-41957.416140955786
1194,1194,1375.6412532760003,-42410.407858904524
1195,1195,1376.8342628180003,-42014.94410058865
1196,1196,1378.0684579000003,-42140.66839754135
1197,1197,1379.329833819,-42225.37216438617
1198,1198,1380.5301757960003,-41988.43741985222
1199,1199,1381.7775123980005,-41814.904416927915
1200,1200,1383.0427874670002,-42400.94211587995
1201,1201,1384.141342571,-42487.44201976355
1202,1202,1385.2637673820002,-42657.00155438263
1203,1203,1386.4612982550002,-42081.03985654314
1204,1204,1387.6733538810001,-41876.143647795325
1205,1205,1388.7907736610002,-41812.65415751956
1206,1206,1389.8351381749999,-42242.27633376357
1207,1207,1391.1826569920001,-42488.707834655856
1208,1208,1392.5300093130004,-42066.15476919843
1209,1209,1393.563902609,-42137.55875186795
1210,1210,1394.891570202,-42051.60436184046
1211,1211,1396.1675016710003,-42124.154406053596
1212,1212,1397.3968539130003,-42183.69668354578
1213,1213,1398.656466101,-42132.24784522138
1214,1214,1399.8073472550004,-43248.76641138407
1215,1215,1401.0175496260001,-42066.57532536436
1216,1216,1402.3869248880003,-42027.498655117364
1217,1217,1403.583375161,-41779.041361321084
1218,1218,1404.807851665,-42250.93919347549
1219,1219,1405.9246748410003,-42191.07474757558
1220,1220,1407.0997456820003,-42335.28910596263
1221,1221,1408.3034437530002,-42298.72522478398
1222,1222,1409.372273341,-41960.10710900453
1223,1223,1410.612256269,-41956.87321319298
1224,1224,1411.8598395510003,-41880.609875624534
1225,1225,1413.0476270630002,-42160.06999825819
1226,1226,1414.1372775030002,-43246.11707751589
1227,1227,1415.24231546,-42252.520280586396
1228,1228,1416.4556851810003,-42407.61319941704
1229,1229,1417.6731648440002,-42128.92086947814
1230,1230,1418.960153599,-42227.13069984445
1231,1231,1420.105386179,-42455.410057419635
1232,1232,1421.5124525120002,-42711.49596727072
1233,1233,1422.6195132150003,-42413.11877835118
1234,1234,1423.7768295130004,-42184.8142513035
1235,1235,1424.8383098980003,-42209.42717258415
1236,1236,1426.112917132,-41905.79109996458
1237,1237,1427.4061433590002,-42047.38762442374
1238,1238,1428.5332837980004,-42721.38768774307
1239,1239,1429.689868921,-42586.42377895609
1240,1240,1431.1163715000005,-42244.68896252806
1241,1241,1432.3742365580001,-42148.878883462414
1242,1242,1433.6120510900003,-41682.75832110814
1243,1243,1434.787021398,-42408.51092658713
1244,1244,1435.8913706750004,-42582.39395274579
1245,1245,1437.0476456440003,-42261.07151549594
1246,1246,1438.2209313199999,-41534.98439214986
1247,1247,1439.4358683240005,-42503.636944762744
1248,1248,1440.8847461010002,-42245.19783922296
1249,1249,1441.935235206,-42451.48717463815
1250,1250,1443.075360316,-42548.91922352479
1251,1251,1444.2353842370003,-41669.10530823025
1252,1252,1445.4787350340002,-41893.80451320823
1253,1253,1446.7077162510002,-41575.55509009098
1254,1254,1447.872597837,-41762.007167109616
1255,1255,1449.1174084180002,-41934.08921421142
1256,1256,1450.3150245350002,-42174.29866762947
1257,1257,1451.4813879120002,-42235.7893557998
1258,1258,1452.661819143,-42112.828654527344
1259,1259,1453.8521178200003,-41973.377430949906
1260,1260,1454.959515451,-42426.695753183376
1261,1261,1456.1572495750002,-42057.37018994964
1262,1262,1457.3537812690004,-42976.553020590814
1263,1263,1458.5273026340003,-41929.961864984936
1264,1264,1459.8095694320002,-41893.21248526236
1265,1265,1460.856562105,-42031.22991278692
1266,1266,1461.990925371,-42903.93637013866
1267,1267,1463.124994527,-41861.0233592081
1268,1268,1464.1841083200002,-41603.124642970055
1269,1269,1465.4851186740002,-42193.798109313255
1270,1270,1466.5527938590003,-42280.70109584776
1271,1271,1467.7029483990004,-41882.10444123768
1272,1272,1468.8613877790003,-41891.98223601979
1273,1273,1469.9597015690003,-42358.04360447954
1274,1274,1471.3289475800004,-41834.14261327406
1275,1275,1472.514527305,-41923.263513887585
1276,1276,1473.580603898,-41939.49515145829
1277,1277,1474.7415823040003,-42564.180743786186
1278,1278,1475.8682518780004,-42522.75857095281
1279,1279,1477.154395316,-42013.19518424281
1280,1280,1478.5015951510002,-41964.689632822614
1281,1281,1479.7586001000004,-41975.93920165596
1282,1282,1481.0124203950004,-42397.28632004208
1283,1283,1482.084321258,-41997.4052880891
1284,1284,1483.2052032150002,-42183.90604414762
1285,1285,1484.5568235790004,-42333.394337147714
1286,1286,1485.619520467,-42131.818247516516
1287,1287,1486.9148078030003,-42103.55959334548
1288,1288,1488.2464947930002,-42285.27693840238
1289,1289,1489.372650738,-41729.125951043105
1290,1290,1490.526128608,-41904.74203719466
1291,1291,1491.671233242,-41891.17149787192
1292,1292,1492.706594856,-42780.19348199619
1293,1293,1494.0315587920002,-42155.40650538099
1294,1294,1495.159625738,-41837.82596006392
1295,1295,1496.4635423030002,-41886.63820078508
1296,1296,1497.881966101,-41941.07647655817
1297,1297,1499.00044455,-42431.06559895276
1298,1298,1500.1933104930004,-42035.07303173355
1299,1299,1501.312644545,-42574.4968110568
1300,1300,1502.4395656250003,-42109.69775544718
1301,1301,1503.6676957430002,-42159.00350721969
1302,1302,1504.740969759,-42320.09773199525
1303,1303,1506.093633161,-41849.18697277255
1304,1304,1507.3159729070003,-42000.490297643766
1305,1305,1508.4955588310002,-42119.37162177182
1306,1306,1509.7380940960004,-42010.1358570029
1307,1307,1510.8366778900004,-41814.257963408105
1308,1308,1511.957525779,-42268.28501652723
1309,1309,1513.2007293370002,-41865.396937877085
1310,1310,1514.38057896,-42060.55845267275
1311,1311,1515.6064264580002,-42257.1391052237
1312,1312,1516.8570099090002,-42503.40769321351
1313,1313,1517.888846516,-41763.98336517731
1314,1314,1519.0212458190001,-42029.51005089573
1315,1315,1520.2039700550004,-41752.741417993646
1316,1316,1521.299043753,-42487.50490354122
1317,1317,1522.4568629630003,-42551.647147457305
1318,1318,1523.4449476160003,-41819.618211205285
1319,1319,1524.6612723930002,-41918.81971018667
1320,1320,1526.0002875760001,-41964.59124668532
1321,1321,1527.1767418880002,-42364.65623695543
1322,1322,1528.301540893,-42062.31376931548
1323,1323,1529.490782354,-41864.410894788314
1324,1324,1530.6676862690001,-41832.089361633436
1325,1325,1531.837859956,-41792.008694296674
1326,1326,1533.063729938,-42167.4585932469
1327,1327,1534.3868607320003,-42261.16629749155
1328,1328,1535.679353406,-42035.497388264455
1329,1329,1536.771065132,-42275.19882821112
1330,1330,1538.000217728,-41869.078491325155
1331,1331,1539.1700166520002,-41947.70363473883
1332,1332,1540.2362986890003,-41833.33215173959
1333,1333,1541.4640905560004,-41902.84667194492
1334,1334,1542.755093107,-41887.382434424835
1335,1335,1544.041207037,-42077.53188242101
1336,1336,1545.4100132130002,-42329.1524722419
1337,1337,1546.5520827140003,-42077.84761881653
1338,1338,1547.6237182150003,-42946.19962375656
1339,1339,1548.7067936770004,-41873.106321861196
1340,1340,1549.872257011,-42111.63060776004
1341,1341,1551.122305623,-42118.73001359674
1342,1342,1552.3009011860001,-41984.58125234155
1343,1343,1553.5442841660004,-41849.19646565863
1344,1344,1554.905806123,-42101.96239385845
1345,1345,1556.0601255280003,-41781.905277865226
1346,1346,1557.2193505470002,-42685.21074088458
1347,1347,1558.229206495,-41924.01522646525
1348,1348,1559.4186815210003,-42150.84705288627
1349,1349,1560.6709387430003,-42467.37434441497
1350,1350,1561.7750566470004,-42212.31537665012
1351,1351,1563.040402797,-41648.93530969278
1352,1352,1564.3238399200002,-41990.69571800883
1353,1353,1565.445899189,-42220.590612377404
1354,1354,1566.5149806020004,-42164.65271135404
1355,1355,1567.730005446,-42633.99276329983
1356,1356,1568.931456673,-41725.43217623337
1357,1357,1570.1757433800003,-41917.09810304547
1358,1358,1571.2943630440002,-42763.02142584286
1359,1359,1572.44905314,-41986.05117654364
1360,1360,1573.7685970650002,-41733.40035993072
1361,1361,1574.8708259900002,-42504.9200419954
1362,1362,1576.0318765190002,-42270.77177010966
1363,1363,1577.2062973820005,-42535.74475801311
1364,1364,1578.2912101790002,-41724.396539390495
1365,1365,1579.585085835,-42326.42014480649
1366,1366,1580.732500194,-42201.27055143403
1367,1367,1582.024129329,-42425.2760504404
1368,1368,1583.4101962280004,-42425.73986046313
1369,1369,1584.6099296270004,-41785.682654579214
1370,1370,1585.7275701510002,-41759.77286350969
1371,1371,1586.8470998190003,-41606.86548620666
1372,1372,1588.1241494360004,-42428.81120418408
1373,1373,1589.352112621,-41971.27788713508
1374,1374,1590.5032560450002,-41970.230324584205
1375,1375,1591.7100690740003,-42071.22057537332
1376,1376,1593.127296286,-42034.41754861117
1377,1377,1594.282037817,-42070.69592853971
1378,1378,1595.366844583,-42249.37602865585
1379,1379,1596.567986035,-41702.348752807295
1380,1380,1597.7789644220002,-42262.948342076095
1381,1381,1598.995888022,-42090.8245301359
1382,1382,1600.0824208430001,-41815.90520889014
1383,1383,1601.440140352,-41784.12213022092
1384,1384,1602.7730183260003,-42488.3232839012
1385,1385,1603.997344695,-42211.00773994999
1386,1386,1605.0788860280002,-42179.40154593334
1387,1387,1606.2167570640001,-41940.6629729424
1388,1388,1607.4588869600002,-41873.97549940037
1389,1389,1608.7200304840003,-42148.22164537307
1390,1390,1609.7089823740005,-41957.12591511
1391,1391,1610.8179575390002,-41927.24024920094
1392,1392,1612.1130125830002,-41981.525419595244
1393,1393,1613.1691806590004,-42240.66965765953
1394,1394,1614.323711389,-41889.84687211311
1395,1395,1615.5002128350004,-42212.08362190009
1396,1396,1616.6599493980002,-42232.82058991855
1397,1397,1617.9202761360002,-41875.529098679115
1398,1398,1619.0142388130002,-41723.55357642368
1399,1399,1620.2821066840002,-42090.59520559832
1400,1400,1621.6927768670005,-42348.35291950875
1401,1401,1622.853711978,-41746.389074255785
1402,1402,1624.0232482760005,-42779.3067771595
1403,1403,1625.1529321620003,-41981.02568203218
1404,1404,1626.284869529,-42223.527707739835
1405,1405,1627.500018788,-42125.72661223294
1406,1406,1628.710520407,-42204.44917329995
1407,1407,1630.059579256,-42481.992323954684
1408,1408,1631.400002543,-41476.04556500364
1409,1409,1632.65503756,-42122.54678784888
1410,1410,1633.8038279810003,-42211.84763999068
1411,1411,1634.994107196,-41955.59387783325
1412,1412,1636.1223859050003,-41989.39567853359
1413,1413,1637.444804976,-42073.874522970465
1414,1414,1638.595535056,-41611.67620316525
1415,1415,1639.885704812,-42850.56159705833
1416,1416,1641.210983455,-41680.7368249669
1417,1417,1642.4713397540004,-41885.46322114623
1418,1418,1643.7361226190003,-42490.74624814708
1419,1419,1645.006513117,-42329.45803499683
1420,1420,1646.1318338620001,-42289.94933647966
1421,1421,1647.3517696450003,-41997.22844851325
1422,1422,1648.4569050560003,-42919.036542844886
1423,1423,1649.6819836220002,-42032.565622184185
1424,1424,1650.9493624750003,-42390.147670506485
1425,1425,1652.0225856040004,-42013.94513194162
1426,1426,1653.213798498,-42005.89441256634
1427,1427,1654.4002620590004,-41734.596610133245
1428,1428,1655.6766186220004,-41966.84624791176
1429,1429,1656.9665649419999,-42394.978481207596
1430,1430,1658.163214828,-41446.06289108776
1431,1431,1659.532693655,-41991.647856627395
1432,1432,1660.9580051110001,-42046.828090113304
1433,1433,1662.1311693840003,-42565.52165840177
1434,1434,1663.3154328490002,-42331.762894259446
1435,1435,1664.4521899840004,-41650.042548802136
1436,1436,1665.682384197,-41817.9520827924
1437,1437,1667.0355711580003,-42342.753496768484
1438,1438,1668.1889631290003,-41483.48701179621
1439,1439,1669.4252183360002,-42141.64247959548
1440,1440,1670.6385153530002,-41780.12985141005
1441,1441,1671.7880069910004,-41747.105404252536
1442,1442,1672.80411817,-41866.871693044566
1443,1443,1673.9528063250002,-42171.66272046599
1444,1444,1675.1796528580003,-41690.08966315598
1445,1445,1676.4060491270004,-42070.57566647882
1446,1446,1677.5764218340005,-42166.73937840407
1447,1447,1678.7558712940001,-42244.513043718165
1448,1448,1680.16994656,-41958.64050597475
1449,1449,1681.330154503,-42568.37980350478
1450,1450,1682.4409977550004,-41810.89707268277
1451,1451,1683.598586927,-42502.33227655725
1452,1452,1684.767612371,-42352.07490931956
1453,1453,1685.9744302990005,-41979.83546506629
1454,1454,1687.07482167,-42004.26496043666
1455,1455,1688.262278248,-41828.83472183515
1456,1456,1689.617156978,-41902.72770543669
1457,1457,1690.6589352629999,-42137.33445647672
1458,1458,1691.7704245620002,-42200.70432289135
1459,1459,1692.9526441390003,-42391.71436219213
1460,1460,1694.1676745120003,-42734.551476332046
1461,1461,1695.372415196,-42210.52173763654
1462,1462,1696.4274574540002,-42116.03957554128
1463,1463,1697.753441931,-42082.30349826318
1464,1464,1699.0257287870004,-42793.720932161355
1465,1465,1700.1890554580004,-41690.56910214506
1466,1466,1701.259176599,-41904.45327170129
1467,1467,1702.353364823,-42032.29616217846
1468,1468,1703.526339941,-42360.869319885576
1469,1469,1704.766689282,-42395.05183166798
1470,1470,1706.0141878840002,-41831.77041193606
1471,1471,1707.3281585880002,-41576.83452655978
1472,1472,1708.5934260889999,-41709.730809825065
1473,1473,1709.682267037,-41596.840750638745
1474,1474,1710.826121255,-42153.52993346514
1475,1475,1712.0839097550004,-41480.887480175246
1476,1476,1713.3048778770003,-41955.81250394933
1477,1477,1714.4630749350003,-41806.47151658333
1478,1478,1715.6708316970003,-42005.383739328085
1479,1479,1717.1066924360002,-42926.27025184736
1480,1480,1718.4510113500003,-42872.51872596344
1481,1481,1719.6216293640002,-42573.729675344846
1482,1482,1720.7871505420003,-42038.10741475049
1483,1483,1721.885824083,-41946.43812276696
1484,1484,1722.8004055699998,-42012.40705929744
1485,1485,1724.038858866,-42148.77175707517
1486,1486,1725.3078915950005,-42641.044534936176
1487,1487,1726.9051840920001,-43218.61628192995
1488,1488,1728.4954007070005,-42055.50821426119
1489,1489,1729.854137428,-41930.0322361176
1490,1490,1731.1409594750005,-42251.69812796869
1491,1491,1732.3037920650002,-42175.362021982844
1492,1492,1733.539744597,-42117.46750860887
1493,1493,1735.0045081120004,-41574.227883785374
1494,1494,1736.315710804,-42317.336700796506
1495,1495,1737.6461941210005,-42247.38509916914
1496,1496,1738.969914665,-42068.8472764368
1497,1497,1740.0537359780003,-42307.3476768236
1498,1498,1741.1579047730002,-42279.450456792125
1499,1499,1742.2457893810001,-42312.03402529509
1500,1500,1743.4743595500001,-42462.094667102196
1501,1501,1744.727341029,-41805.4735049633
1502,1502,1745.8620646970003,-41669.07946934784
1503,1503,1747.0695889200001,-42144.56028572709
1504,1504,1748.3356732490001,-42165.792068040115
1505,1505,1749.513158404,-42348.359436925755
1506,1506,1750.7546866080002,-41861.70358769986
1507,1507,1751.9087263800004,-42232.63528386919
1508,1508,1753.100510146,-42332.446296592694
1509,1509,1754.350032261,-42289.337453258275
1510,1510,1755.4376976940002,-43271.919329123506
1511,1511,1756.680950925,-42221.478734109245
1512,1512,1758.0449600860002,-42008.814415146495
1513,1513,1759.170630012,-42467.61917012022
1514,1514,1760.3976449450004,-41876.55022428149
1515,1515,1761.547984005,-42534.9139383019
1516,1516,1762.8124079130002,-42410.401314649884
1517,1517,1763.9125983760002,-42023.756735162315
1518,1518,1765.0900473410004,-42733.6608777295
1519,1519,1766.2734029650003,-42715.82270727787
1520,1520,1767.6694070820004,-41684.10446323955
1521,1521,1768.8613206080004,-43269.037739712774
1522,1522,1769.9418852110002,-41768.0543660202
1523,1523,1771.0503235280003,-42074.78769483634
1524,1524,1772.1589715380003,-42379.728088602234
1525,1525,1773.4076876110003,-42065.65833756054
1526,1526,1774.4715828230003,-42081.77828162732
1527,1527,1775.663844337,-41769.58316989455
1528,1528,1776.962879772,-42212.300584827986
1529,1529,1778.1177071140003,-42571.440409298484
1530,1530,1779.34622457,-42399.27754934909
1531,1531,1780.577541931,-41825.98079252001
1532,1532,1781.6558713450004,-42881.755894915186
1533,1533,1783.0117822460002,-41893.33655944011
1534,1534,1784.3276264520005,-41405.10805892988
1535,1535,1785.4906880220003,-41943.020758651415
1536,1536,1786.7961520890003,-41569.16359485491
1537,1537,1787.8832673270003,-42190.69118280213
1538,1538,1789.030978364,-41751.77993909417
1539,1539,1790.220253308,-42399.46690192075
1540,1540,1791.4093387530004,-41855.51357621012
1541,1541,1792.6005140309999,-42527.00951777527
1542,1542,1793.7719476660002,-42238.70793547158
1543,1543,1795.032996497,-41905.429833901566
1544,1544,1796.3996810200001,-42006.054534929855
1545,1545,1797.483007185,-42402.58554509953
1546,1546,1798.6555440760003,-41705.30424442142
1547,1547,1799.8715109660002,-42139.44312066001
1548,1548,1801.0309460730002,-41875.00926871159
1549,1549,1802.341225761,-41811.49063325488
1550,1550,1803.5380586880003,-41652.91062842358
1551,1551,1804.777472259,-42109.09823118289
1552,1552,1806.136890627,-42597.85773146374
1553,1553,1807.261157162,-42564.16062313528
1554,1554,1808.4190369740004,-42114.25403463778
1555,1555,1809.5788029760001,-41897.85469430896
1556,1556,1810.742747151,-41934.70837550383
1557,1557,1811.9337620300003,-41898.24384488592
1558,1558,1813.0770332730003,-41671.523110067385
1559,1559,1814.314516636,-42667.627092184004
1560,1560,1815.6217279720004,-41860.456803412
1561,1561,1816.766476737,-42174.885903197355
1562,1562,1817.9253546640002,-41784.12239045717
1563,1563,1819.028021559,-42341.631326743336
1564,1564,1820.2693708620002,-41738.48107725625
1565,1565,1821.6313442160003,-41767.866789231804
1566,1566,1822.8311046470003,-42017.38434553262
1567,1567,1824.106545154,-42003.96110432177
1568,1568,1825.502204132,-41865.354881439474
1569,1569,1826.437130702,-42347.9404997783
1570,1570,1827.4787457970003,-42768.66648058564
1571,1571,1828.5504117120001,-42063.16134997133
1572,1572,1829.7418914900004,-41995.92712336073
1573,1573,1830.8519409410003,-42245.90823425035
1574,1574,1832.0789683700004,-42205.15551856764
1575,1575,1833.0814975940002,-41947.71441759015
1576,1576,1834.398422969,-42352.45284973128
1577,1577,1835.6142202930002,-41929.165883862195
1578,1578,1836.734140819,-41484.99884155043
1579,1579,1837.883671085,-42394.81136732911
1580,1580,1839.019915122,-41725.82530295483
1581,1581,1840.2351624460002,-42108.45593656675
1582,1582,1841.5260603770005,-41687.20168752557
1583,1583,1842.821639764,-42021.92106927822
1584,1584,1844.2216732910001,-42549.21491610188
1585,1585,1845.3352348990002,-41759.74627756764
1586,1586,1846.473749152,-41754.94967887532
1587,1587,1847.632804159,-42022.97308557184
1588,1588,1848.8628928780001,-41889.9534170363
1589,1589,1850.1282923170002,-41707.372823418875
1590,1590,1851.2396572640002,-42005.96847889903
1591,1591,1852.5706532840002,-41985.05771865125
1592,1592,1853.8303566820002,-42021.69604018478
1593,1593,1854.9915173540003,-41549.72935547735
1594,1594,1856.0427331060002,-41767.431326646394
1595,1595,1857.1711583350002,-41808.08324988915
1596,1596,1858.374992991,-42084.62476651056
1597,1597,1859.5240892910003,-42331.827516340505
1598,1598,1860.4681891820003,-42056.793329138345
1599,1599,1861.7143977070004,-41996.164756034974
1600,1600,1862.947869192,-42095.19375412931
1601,1601,1864.0820934940004,-42046.18957993048
1602,1602,1865.2472438580003,-41813.401912030386
1603,1603,1866.436886347,-42150.77850127629
1604,1604,1867.5954296930004,-41802.97780925426
1605,1605,1868.810830273,-41733.845500664844
1606,1606,1869.9233100840001,-42473.67555851478
1607,1607,1871.1732078690002,-42022.390332694085
1608,1608,1872.5558894580001,-42849.35198495101
1609,1609,1873.7434931040002,-41504.895260832694
1610,1610,1874.8934199700002,-42615.840347572506
1611,1611,1876.0428042060003,-42528.11331186135
1612,1612,1877.236894874,-41824.493085668335
1613,1613,1878.584511994,-42270.44343525314
1614,1614,1879.713325489,-42560.42855582878
1615,1615,1880.9002045840002,-42247.78552768841
1616,1616,1882.2169278970002,-41812.40689439897
1617,1617,1883.3007241200003,-41776.54989608766
1618,1618,1884.558470042,-42376.43346169071
1619,1619,1885.680185689,-41894.88318891886
1620,1620,1886.8199347670004,-41805.37089465593
1621,1621,1888.1027873140001,-42125.10344639973
1622,1622,1889.13730792,-41968.353546462524
1623,1623,1890.300049993,-41800.08570050664
1624,1624,1891.547367153,-41794.35897535545
1625,1625,1892.6931613100003,-42145.02851079051
1626,1626,1893.856228649,-43068.77175487885
1627,1627,1894.9520376540004,-41796.378646323894
1628,1628,1895.9857241160003,-42285.582488633554
1629,1629,1897.2484454490002,-41774.86286473553
1630,1630,1898.416809349,-42031.894702243895
1631,1631,1899.624887989,-42732.00596532898
1632,1632,1901.043785253,-41641.44873353475
1633,1633,1902.1549769820003,-41997.67051696115
1634,1634,1903.3027663740004,-42133.254461458775
1635,1635,1904.455577308,-41922.67941979776
1636,1636,1905.6344615120004,-41603.645686964985
1637,1637,1906.8399294170001,-41916.2840739715
1638,1638,1907.9973365780004,-42312.1914553514
1639,1639,1909.2872802380002,-41727.11384529142
1640,1640,1910.563174869,-41510.35774834838
1641,1641,1911.8042201320002,-41549.00299224802
1642,1642,1912.9216567570004,-42195.54854227138
1643,1643,1914.0781635620003,-41882.41018155475
1644,1644,1915.306409922,-42121.330039627646
1645,1645,1916.493858988,-41951.40145235618
1646,1646,1917.6265892160004,-42083.76795667982
1647,1647,1918.8508856790002,-42083.08695774078
1648,1648,1920.013290296,-42300.97660046682
1649,1649,1921.2248689220003,-41714.51738083683
1650,1650,1922.390494382,-42153.93831602349
1651,1651,1923.6377217680001,-42172.21653440928
1652,1652,1924.790095557,-42299.08851090439
1653,1653,1926.0017972480002,-42044.63608337942
1654,1654,1927.3220089830002,-42082.74894606
1655,1655,1928.603388967,-41521.84546349649
1656,1656,1929.9608350610001,-41684.84274999166
1657,1657,1931.192528006,-41844.279444241925
1658,1658,1932.3709320330001,-41994.64473220453
1659,1659,1933.5713309810003,-41653.393024295794
1660,1660,1934.7663558590002,-41590.939585883345
1661,1661,1935.9534519780004,-41840.700217673235
1662,1662,1937.1478129060004,-41679.94020853081
1663,1663,1938.340815551,-41892.019514788466
1664,1664,1939.653894102,-42793.10797396057
1665,1665,1940.8957740380001,-41190.50704511654
1666,1666,1942.0829706940003,-42173.168983168405
1667,1667,1943.2661817050002,-43210.15926645371
1668,1668,1944.3967130830003,-41769.23953069431
1669,1669,1945.736263936,-41880.58817554555
1670,1670,1946.873664262,-42696.06048613376
1671,1671,1948.1386672120002,-41936.03603814565
1672,1672,1949.411337601,-41525.74370426959
1673,1673,1950.5178598850002,-41634.525311443
1674,1674,1951.6971424520002,-41672.09922532017
1675,1675,1952.8534982390004,-42050.768481668856
1676,1676,1954.0701993050002,-41912.194944336494
1677,1677,1955.4031609670003,-41714.25919542558
1678,1678,1956.5879475700003,-41989.390108545216
1679,1679,1957.8684439080005,-41863.88328381098
1680,1680,1959.2495644530002,-42049.888264660134
1681,1681,1960.3692373490003,-41691.42194337353
1682,1682,1961.593402367,-42889.133943664696
1683,1683,1962.799654387,-41819.71314703519
1684,1684,1963.98466727,-41674.932056121404
1685,1685,1965.2414519780004,-42337.78501986663
1686,1686,1966.4368511700002,-41773.757981499184
1687,1687,1967.7439762070003,-41701.09345620508
1688,1688,1969.0665385740003,-41991.41026601485
1689,1689,1970.1765966190003,-41891.60667151801
1690,1690,1971.519099033,-41744.5296429469
1691,1691,1972.6930473500001,-42014.95193876342
1692,1692,1973.9590192830003,-42073.68722572907
1693,1693,1975.2710183890001,-41792.92151396301
1694,1694,1976.4153892180002,-43081.65333938779
1695,1695,1977.5795603130005,-41881.21140543741
1696,1696,1978.8509826660002,-41918.17005146436
1697,1697,1980.061354222,-42612.528887219916
1698,1698,1981.200855707,-42123.56112357055
1699,1699,1982.3479610069999,-42010.956163997864
1700,1700,1983.4939344370002,-41727.107002819605
1701,1701,1984.6791819860005,-41718.49080940224
1702,1702,1985.6551369140004,-42687.051476205146
1703,1703,1986.9392601670004,-41407.67294395862
1704,1704,1988.220285524,-42607.82852249551
1705,1705,1989.2978196510003,-42080.80818476155
1706,1706,1990.4505894130002,-42352.11672308861
1707,1707,1991.688252572,-41547.65728902822
1708,1708,1992.9240891480003,-41587.235430923436
1709,1709,1994.1390087300003,-41597.96703683001
1710,1710,1995.2557674560003,-41754.053850139586
1711,1711,1996.560419691,-42001.900222921264
1712,1712,1997.769607024,-41975.6357169888
1713,1713,1998.873647909,-41634.054316685804
1714,1714,1999.9759919730002,-41888.83286565083
1715,1715,2001.236216486,-41999.92325415174
1716,1716,2002.504099969,-41869.19568444202
1717,1717,2003.725793418,-42241.59493551157
1718,1718,2004.94601482,-41874.08479131613
1719,1719,2006.2811305870005,-42364.47631110283
1720,1720,2007.6112969560004,-42228.13756267708
1721,1721,2008.7752367720004,-41937.56516717038
1722,1722,2009.929651972,-41734.45225148696
1723,1723,2011.1631753350002,-41872.27016268674
1724,1724,2012.3839667620002,-42185.791202041364
1725,1725,2013.6602163520004,-42286.74076296237
1726,1726,2014.7157713780002,-42004.07363698136
1727,1727,2015.94790973,-41741.66783730012
1728,1728,2017.4041019340004,-41901.96783671282
1729,1729,2018.5530040240003,-41700.53322159741
1730,1730,2019.6825793580003,-41717.587366067695
1731,1731,2020.8047514920002,-42243.94401499863
1732,1732,2021.9768973920002,-42260.06968571347
1733,1733,2023.1250533420002,-41674.749847310384
1734,1734,2024.1980728120002,-41676.368609405356
1735,1735,2025.5100366540003,-41948.40150291207
1736,1736,2026.758082037,-42056.31661761449
1737,1737,2027.933430675,-41828.437519299725
1738,1738,2029.141847676,-42496.47390508995
1739,1739,2030.378074101,-43170.87354891587
1740,1740,2031.4321494790004,-42105.316572651405
1741,1741,2032.6880112360004,-42250.95899435808
1742,1742,2033.9584702420002,-41997.88497822078
1743,1743,2035.1918663350004,-41858.68291117883
1744,1744,2036.54334198,-41860.51889468725
1745,1745,2037.6171788000004,-41717.15964610568
1746,1746,2038.8026174330003,-41789.075804019536
1747,1747,2039.8887152770003,-41567.28230809357
1748,1748,2040.9626459190004,-42360.576204783974
1749,1749,2042.0776695870002,-42766.580665748545
1750,1750,2043.081143468,-41609.74742722841
1751,1751,2044.3080193930002,-41815.70473259798
1752,1752,2045.6316706970003,-42029.69009321411
1753,1753,2046.7280448600002,-41959.51802972101
1754,1754,2047.8551752900003,-41776.00519835481
1755,1755,2048.9573756150003,-41777.32839320546
1756,1756,2050.1831836140004,-41507.62371754416
1757,1757,2051.4109371390005,-42676.603999529165
1758,1758,2052.5450278700005,-41698.42109860008
1759,1759,2053.8353216870005,-41761.83375833163
1760,1760,2055.2236104040003,-41906.42120933853
1761,1761,2056.411484143,-42444.09648715138
1762,1762,2057.4933081860004,-41853.26734263757
1763,1763,2058.6769524430006,-42229.873562041525
1764,1764,2059.888127909,-42639.39801829858
1765,1765,2061.1121130520005,-42821.23262630614
1766,1766,2062.244412197,-41682.16186636373
1767,1767,2063.500312403,-41716.07372245901
1768,1768,2065.005572209,-41881.528752495484
1769,1769,2066.1398327350003,-42015.92531154065
1770,1770,2067.3464713070002,-41914.53780446504
1771,1771,2068.5882151630003,-41885.43131671651
1772,1772,2069.8402669350003,-41960.65146023403
1773,1773,2071.0553993780004,-41707.43071013416
1774,1774,2072.169926095,-42168.0173253366
1775,1775,2073.413238993,-42261.83555645105
1776,1776,2074.828410293,-41909.883078134066
1777,1777,2075.889995002,-42379.547407174905
1778,1778,2077.0592781640003,-42086.17365509065
1779,1779,2078.2111295600002,-41941.519687171705
1780,1780,2079.305799446,-41896.90406913547
1781,1781,2080.554202363,-41859.77685263961
1782,1782,2081.63431858,-41811.62158823294
1783,1783,2082.7619008890006,-42005.26097254598
1784,1784,2084.124192843,-41490.73719924237
1785,1785,2085.2544958470003,-42273.47119688368
1786,1786,2086.426333075,-41823.16326435375
1787,1787,2087.4987044540003,-41739.15553869407
1788,1788,2088.792360231,-41925.12860852751
1789,1789,2090.053901964,-41955.98181614438
1790,1790,2091.175847815,-41762.28155765252
1791,1791,2092.4387799560004,-41875.75017204185
1792,1792,2093.7804410410004,-42125.19265718311
1793,1793,2094.885438614,-41605.68757249953
1794,1794,2096.0432139090003,-42430.23660638804
1795,1795,2097.3132855700005,-42483.5650430804
1796,1796,2098.5117888160003,-42058.82744113359
1797,1797,2099.826337603,-42275.58021322841
1798,1798,2100.904130323,-41580.54794784099
1799,1799,2102.1474334480004,-42084.57886549119
1800,1800,2103.606331972,-41660.64789627383
1801,1801,2104.822622738,-41872.71571151783
1802,1802,2105.936615011,-42068.39202047013
1803,1803,2107.013812917,-43137.923875917055
1804,1804,2108.2542001610004,-42043.921730470734
1805,1805,2109.500729545,-41745.09889223199
1806,1806,2110.6297845090003,-41854.13637021595
1807,1807,2111.813400783,-41921.77925275518
1808,1808,2113.104967688,-41648.391259872784
1809,1809,2114.279353782,-41805.1293816899
1810,1810,2115.504736239,-42246.351983732384
1811,1811,2116.5842664350002,-41805.013500548535
1812,1812,2117.737425004,-41642.713001159245
1813,1813,2119.0107672060003,-41607.96707630831
1814,1814,2120.239423729,-42668.52056401944
1815,1815,2121.533775354,-41950.50870587087
1816,1816,2122.950872682,-41815.75120904355
1817,1817,2123.9627427950004,-42523.987404210544
1818,1818,2125.096680644,-42188.01783146145
1819,1819,2126.30605114,-41669.925650889156
1820,1820,2127.4817103110004,-42351.29199962161
1821,1821,2128.754197316,-41544.06415412935
1822,1822,2129.902711,-42454.31107232623
1823,1823,2131.218133625,-42067.84256790212
1824,1824,2132.6162541400004,-41739.89949910526
1825,1825,2133.8184369360006,-42283.50750732081
1826,1826,2134.985321549,-41723.68005153234
1827,1827,2136.118566058,-42221.14756822741
1828,1828,2137.295919406,-41935.26725389096
1829,1829,2138.6313789260003,-42261.87388143117
1830,1830,2139.788605179,-42522.4125585135
1831,1831,2141.026037507,-42017.483150243585
1832,1832,2142.360626356,-42002.94022539329
1833,1833,2143.548788094,-41770.150647513394
1834,1834,2144.73299931,-42232.12632981721
1835,1835,2145.9564369960003,-41816.01501186438
1836,1836,2147.1594573820003,-42398.65807221631
1837,1837,2148.412013639,-41854.33747976209
1838,1838,2149.5402254130004,-42172.35388356647
1839,1839,2150.692804213,-41518.26760816508
1840,1840,2152.0475658650003,-42065.67535699781
1841,1841,2153.131943792,-41467.06911352709
1842,1842,2154.3219948210003,-41878.36900856845
1843,1843,2155.612315285,-41880.21141649299
1844,1844,2156.7501699570003,-41799.67777731052
1845,1845,2157.9900309430004,-41539.69840882878
1846,1846,2159.158958621,-41986.02180180568
1847,1847,2160.3946902710004,-41764.3012611983
1848,1848,2161.698082899,-41549.43490023849
1849,1849,2162.941131499,-41901.50277891802
1850,1850,2164.154892608,-41939.501300711956
1851,1851,2165.2848240490002,-42078.02699252101
1852,1852,2166.402062965,-41763.65225552254
1853,1853,2167.5828072430004,-41687.00634471754
1854,1854,2168.7078714340005,-41634.00162786081
1855,1855,2169.9550288220003,-42126.36616695802
1856,1856,2171.151321187,-41975.08190073223
1857,1857,2172.320442019,-41330.86636839806
1858,1858,2173.544458913,-42205.69014741051
1859,1859,2174.683665335,-41933.170486052935
1860,1860,2175.7760907630004,-41609.923261459
1861,1861,2177.042424071,-41654.7919077863
1862,1862,2178.230730956,-41582.52813217832
1863,1863,2179.5047308750004,-41744.851660362416
1864,1864,2180.767651643,-41983.31409741873
1865,1865,2181.8559775880003,-41784.86415258112
1866,1866,2182.866456882,-42576.81026637634
1867,1867,2183.990080462,-41689.3552204064
1868,1868,2185.128454504,-42002.48393024693
1869,1869,2186.4014928260003,-41962.33685754542
1870,1870,2187.492964706,-42270.2377098654
1871,1871,2188.632008671,-41450.90435862949
1872,1872,2189.995211108,-41728.99352069042
1873,1873,2191.1327701350006,-41696.388037526514
1874,1874,2192.3377559680002,-42121.586776842654
1875,1875,2193.501315386,-41656.475424349286
1876,1876,2194.578495431,-41867.60166789501
1877,1877,2195.735014359,-42177.27310607733
1878,1878,2196.781926551,-41405.79096670154
1879,1879,2197.993245542,-41731.954796770864
1880,1880,2199.3514785140005,-41522.69373580688
1881,1881,2200.506268901,-43103.72464076995
1882,1882,2201.691130602,-41864.71729977661
1883,1883,2202.884176912,-41958.742739800735
1884,1884,2204.04682895,-41762.971524125554
1885,1885,2205.2821081700004,-41470.486082375144
1886,1886,2206.435367942,-41859.87075212528
1887,1887,2207.794640495,-41676.597979736245
1888,1888,2209.1278153880003,-41881.387082172674
1889,1889,2210.3282476940003,-41731.19770155546
1890,1890,2211.509465983,-41965.62837254969
1891,1891,2212.7399356200003,-41538.479439769544
1892,1892,2213.7747706170003,-41617.93022675892
1893,1893,2214.8771883,-41765.38563898802
1894,1894,2216.060400317,-41409.78389642655
1895,1895,2217.3689969660004,-42318.2922526449
1896,1896,2218.754696287,-41722.71227380277
1897,1897,2219.960762813,-42320.20207233803
1898,1898,2221.10279465,-41875.81396082065
1899,1899,2222.2094633150004,-41745.05569605225
1900,1900,2223.2834379470005,-41988.02197754324
1901,1901,2224.559958042,-42576.73564615223
1902,1902,2225.699882443,-41658.028164072544
1903,1903,2227.008189608,-41865.32173522034
1904,1904,2228.3061003260004,-41510.54110041155
1905,1905,2229.438359412,-41424.960812114296
1906,1906,2230.68538968,-41562.44236359468
1907,1907,2231.688676401,-42257.03420547289
1908,1908,2232.9439491390003,-41978.67813016278
1909,1909,2234.2264813,-42032.85337631293
1910,1910,2235.2935039770005,-42221.726172944625
1911,1911,2236.464291864,-41968.12704242281
1912,1912,2237.863363631,-42203.66194622057
1913,1913,2239.060679027,-41811.061963429296
1914,1914,2240.111508938,-42830.97489269092
1915,1915,2241.314374761,-41512.40978321191
1916,1916,2242.5954003950005,-41285.56142292828
1917,1917,2243.7334633960004,-41429.95882006448
1918,1918,2244.8447875590005,-41420.0397542684
1919,1919,2246.1426665080003,-41800.35193937168
1920,1920,2247.455525132,-41628.15967004902
1921,1921,2248.643266741,-41859.19918300158
1922,1922,2249.826246797,-41349.33641337134
1923,1923,2251.0246929950004,-42274.738330295804
1924,1924,2252.213464902,-42037.02977016988
1925,1925,2253.443991385,-41632.76751959023
1926,1926,2254.671975396,-41833.855938088156
1927,1927,2255.88688153,-42061.77996596081
1928,1928,2257.156442802,-41553.28071932797
1929,1929,2258.2628509110004,-41829.584783794904
1930,1930,2259.441240296,-41838.737254421554
1931,1931,2260.668815512,-41910.0570151451
1932,1932,2261.9121658730005,-41943.63496079367
1933,1933,2263.217219385,-42665.66712214135
1934,1934,2264.418892913,-42693.43123671951
1935,1935,2265.583335508,-42018.19546548851
1936,1936,2266.9478678880005,-42376.51155424616
1937,1937,2268.0728222330004,-41586.33523874874
1938,1938,2269.2891308230005,-42245.716044500754
1939,1939,2270.428830608,-41913.876480662984
1940,1940,2271.5329602610004,-41804.298595501976
1941,1941,2272.796798258,-42660.899111727595
1942,1942,2273.8692641120006,-41860.536745712074
1943,1943,2275.2019552360002,-41849.12851531106
1944,1944,2276.608945756,-41733.681022195655
1945,1945,2277.795392128,-41666.453291115424
1946,1946,2278.8892553630003,-42253.24690036692
1947,1947,2280.097082052,-41627.10610853051
1948,1948,2281.3301618950004,-42069.6556147304
1949,1949,2282.594036926,-41846.67896403873
1950,1950,2283.856622854,-41939.84386873917
1951,1951,2285.045401355,-41715.47450640127
1952,1952,2286.4695788020003,-41965.80681634414
1953,1953,2287.645392748,-42278.58080694795
1954,1954,2288.729855709,-42384.751370822036
1955,1955,2289.8584851160003,-41860.30942170642
1956,1956,2291.133554351,-42069.48176985481
1957,1957,2292.4269364829997,-41895.47919418539
1958,1958,2293.5765906970005,-41962.94984923859
1959,1959,2294.9047603350004,-41730.05074217699
1960,1960,2296.245861717,-42209.542394075484
1961,1961,2297.383042634,-42474.47981173472
1962,1962,2298.5811783890003,-41555.69333869446
1963,1963,2299.7889677290004,-41749.43169746338
1964,1964,2301.0218892610005,-41604.771801831914
1965,1965,2302.3374220430005,-41927.62942342084
1966,1966,2303.638185779,-42144.426426251695
1967,1967,2304.805643875,-41659.99313316774
1968,1968,2306.136975875,-42093.135470375935
1969,1969,2307.235420868,-42144.199956269185
1970,1970,2308.315017794,-41752.55640928845
1971,1971,2309.599788034,-41764.95076998785
1972,1972,2310.797476282,-41875.463712571654
1973,1973,2312.063257445,-42338.90776203838
1974,1974,2313.213647774,-42147.11730102458
1975,1975,2314.4159630750005,-41668.00681298186
1976,1976,2315.775259802,-42024.62256875783
1977,1977,2317.052112055,-41898.16985212041
1978,1978,2318.2877378780004,-42244.16044453705
1979,1979,2319.496032976,-41740.40565173133
1980,1980,2320.515343353,-41708.41916178858
1981,1981,2321.6905079910002,-41934.870888617406
1982,1982,2322.883564189,-41847.37276571542
1983,1983,2324.190226472,-41948.92439683681
1984,1984,2325.585959248,-42088.647419868124
1985,1985,2326.7047638410004,-41756.70168415999
1986,1986,2327.981220208,-42312.884496157356
1987,1987,2329.131505106,-41691.70341131482
1988,1988,2330.251005201,-41883.85531194342
1989,1989,2331.647178011,-42596.14067412677
1990,1990,2332.919404779,-42092.53014798966
1991,1991,2334.071154312,-41658.3288747811
1992,1992,2335.5129783300004,-41827.89943384276
1993,1993,2336.792861744,-42531.96944739671
1994,1994,2338.0071996270003,-41602.533238078875
1995,1995,2339.19196398,-41553.115379006726
1996,1996,2340.385890591,-41352.70464557562
1997,1997,2341.694796833,-41818.54995084198
1998,1998,2342.9066969560004,-42149.50829353227
1999,1999,2344.115928912,-41856.510877878725
2000,2000,2345.5344164820003,-41713.04838325153
2001,2001,2346.7984386460002,-41558.72737282892
2002,2002,2347.8974543050003,-42161.99548374645
2003,2003,2349.098061652,-42135.72574598971
2004,2004,2350.3028302240004,-41690.31381401754
2005,2005,2351.484055022,-42240.034338356054
2006,2006,2352.579223918,-41673.37529793606
2007,2007,2353.638209784,-42606.31306244596
2008,2008,2354.947324816,-42160.98212890438
2009,2009,2356.0275087120003,-41810.23539002476
2010,2010,2357.121908009,-41745.26268047154
2011,2011,2358.3391706720004,-41825.11858462598
2012,2012,2359.4972702580003,-42400.32282333752
2013,2013,2360.6235100950003,-41937.33420018821
2014,2014,2361.791850536,-41488.16413677864
2015,2015,2362.944318142,-41837.53382040833
2016,2016,2364.292033541,-41782.96539758852
2017,2017,2365.4376873710003,-41731.408700443295
2018,2018,2366.543745113,-42234.06436141061
2019,2019,2367.7858659890003,-41906.559625701644
2020,2020,2368.9260112570005,-41745.628410779755
2021,2021,2370.169348594,-41955.99855340151
2022,2022,2371.366761953,-41523.33699488414
2023,2023,2372.60596467,-42286.38833630268
2024,2024,2373.918969233,-42018.655470785074
2025,2025,2375.058051849,-42287.57166658773
2026,2026,2376.306035141,-41976.046062420464
2027,2027,2377.4541388370003,-41618.84803319487
2028,2028,2378.70498171,-41972.49822073763
2029,2029,2379.967552346,-41712.90137076136
2030,2030,2381.1804628080004,-41746.098559773964
2031,2031,2382.4371897670003,-42018.612877990534
2032,2032,2383.821990425,-41611.769127035644
2033,2033,2384.9037480399998,-41880.44326952337
2034,2034,2386.103581442,-41603.33974261648
2035,2035,2387.2781895040002,-41611.69499887712
2036,2036,2388.472021501,-41811.51118209484
2037,2037,2389.8091436570003,-42147.53953998594
2038,2038,2391.007494128,-41883.80549998027
2039,2039,2392.265465212,-41837.26049295591
2040,2040,2393.580323466,-41914.21091306826
2041,2041,2394.692238256,-41675.52053045064
2042,2042,2395.893009174,-41966.63918587082
2043,2043,2397.08928758,-41749.18510064011
2044,2044,2398.2764876,-41518.80409347584
2045,2045,2399.5435099260003,-41689.79921612505
2046,2046,2400.661376806,-41534.87412008817
2047,2047,2401.908938391,-42064.82040133259
2048,2048,2403.1642831020004,-41744.92539766383
2049,2049,2404.3623914550003,-41497.498102394646
2050,2050,2405.614705043,-41682.208719913295
2051,2051,2406.872366649,-41524.66205391479
2052,2052,2408.1020276910003,-42026.726268222585
2053,2053,2409.327782329,-41606.13558988498
2054,2054,2410.533234583,-41631.33628485177
2055,2055,2411.823343895,-41578.008322135254
2056,2056,2413.012069497,-41649.182684451574
2057,2057,2414.0749489520003,-41603.988997789005
2058,2058,2415.256884424,-41788.15261722368
2059,2059,2416.481760793,-41449.58136959171
2060,2060,2417.661170319,-41759.97459176631
2061,2061,2418.8074237319997,-41625.7375147675
2062,2062,2419.9620084900002,-42034.36683549227
2063,2063,2421.097825687,-42305.41566190839
2064,2064,2422.421659685,-41565.019409040484
2065,2065,2423.5599617360003,-41546.080452069524
2066,2066,2424.706857413,-42060.49662105846
2067,2067,2425.8469651010005,-42254.9066349928
2068,2068,2427.034137347,-41724.5308277929
2069,2069,2428.3258106360004,-42509.67779763501
2070,2070,2429.517910743,-42035.749336750836
2071,2071,2430.7256595320005,-41797.14992376223
2072,2072,2432.0629085890005,-41685.864375340156
2073,2073,2433.256885698,-42063.802943375806
2074,2074,2434.3539184720003,-41579.78762876081
2075,2075,2435.6268585340003,-42512.05781515632
2076,2076,2436.8593217350003,-41913.64618902863
2077,2077,2438.0956341270003,-41658.0929070937
2078,2078,2439.2708176640003,-42031.23430115824
2079,2079,2440.5383505880004,-42086.20013844474
2080,2080,2441.9131434610003,-41649.121351038215
2081,2081,2442.9639507600004,-41683.090229608475
2082,2082,2444.1068542690005,-41628.7969458373
2083,2083,2445.2228109039997,-42122.90161915301
2084,2084,2446.325826351,-41315.19912052475
2085,2085,2447.592619632,-42679.013979630334
2086,2086,2448.7862997100005,-41472.131211861204
2087,2087,2449.9989283560003,-41656.61915640087
2088,2088,2451.397126738,-42126.501649872
2089,2089,2452.5244755820004,-41495.747906499884
2090,2090,2453.673207887,-41771.72014223359
2091,2091,2454.779660925,-42382.23125191855
2092,2092,2455.9361129900003,-41902.87215394614
2093,2093,2457.1681003930003,-42075.92647954827
2094,2094,2458.398066142,-41515.73177706332
2095,2095,2459.550948045,-42179.103441408064
2096,2096,2460.834298578,-41660.91988873267
2097,2097,2461.936788976,-42111.81862960549
2098,2098,2463.0986339800006,-42385.13663964115
2099,2099,2464.4421491320004,-42204.4941432865
2100,2100,2465.52951458,-41679.111024100086
2101,2101,2466.916891965,-41411.66602641376
2102,2102,2468.0575046430004,-41911.44616899878
2103,2103,2469.5406301049998,-41466.15298576674
2104,2104,2470.7539453720005,-41832.394197194335
2105,2105,2471.955185405,-41615.19884037769
2106,2106,2473.254472244,-41672.964230314494
2107,2107,2474.5215993310003,-42113.86619197526
2108,2108,2475.631280512,-42584.265666855965
2109,2109,2476.810706749,-42276.388825142276
2110,2110,2478.034234017,-41751.9932111062
2111,2111,2479.423253895,-42427.9756021544
2112,2112,2480.5620615370003,-42101.819476437326
2113,2113,2481.6629301430003,-41739.15434267149
2114,2114,2482.835549854,-41460.78759388451
2115,2115,2484.103110334,-41796.14302520237
2116,2116,2485.23613431,-41657.28089867039
2117,2117,2486.521532434,-41773.44526209561
2118,2118,2487.627236124,-41768.53455394344
2119,2119,2488.871864831,-41682.1778125191
2120,2120,2490.183731478,-41691.49278806541
2121,2121,2491.3956402370004,-42178.9672998045
2122,2122,2492.5445998830005,-41548.522984684256
2123,2123,2493.967067936,-42002.639611245024
2124,2124,2495.034444804,-41879.69803526285
2125,2125,2496.1192075080003,-42017.9262876775
2126,2126,2497.463120196,-41974.37336175085
2127,2127,2498.787000183,-41560.11704762009
2128,2128,2499.948733646,-41699.63045383969
2129,2129,2501.175565994,-41567.462892877214
2130,2130,2502.3724809990003,-41774.11715966487
2131,2131,2503.714158217,-42004.23949570532
2132,2132,2504.829525423,-41944.18667952659
2133,2133,2506.2299437350002,-41588.22105708031
2134,2134,2507.5351600940003,-41692.18027732716
2135,2135,2508.5676875340005,-41858.97588167282
2136,2136,2509.795408051,-41547.33622093185
2137,2137,2510.962945956,-41939.67942687278
2138,2138,2512.18209942,-41807.22611303471
2139,2139,2513.408074107,-41437.55311358235
2140,2140,2514.6611582480004,-41526.139646846146
2141,2141,2515.8482577920004,-42313.024452850936
2142,2142,2517.0025024660004,-41516.34120600963
2143,2143,2518.335446121,-41695.73675731499
2144,2144,2519.5298862710006,-42237.19559424297
2145,2145,2520.652684012,-41327.34692422305
2146,2146,2521.803608459,-41548.888325461325
2147,2147,2522.893048717,-41943.36484499819
2148,2148,2524.2271345780005,-41402.13367398923
2149,2149,2525.527032377,-41490.6424109105
2150,2150,2526.635060445,-41603.39766687829
2151,2151,2528.032485435,-42257.512097394734
2152,2152,2529.240017998,-42272.242997051006
2153,2153,2530.446064235,-41542.807261774964
2154,2154,2531.70734703,-41359.60164162793
2155,2155,2533.1235732130003,-41711.251810193105
2156,2156,2534.31659437,-41544.74365256825
2157,2157,2535.432803876,-41856.30211846922
2158,2158,2536.583979429,-41537.00416351135
2159,2159,2537.753427861,-41598.164430428915
2160,2160,2538.986651205,-41692.466376650715
2161,2161,2540.1536274580003,-41879.921190996225
2162,2162,2541.406927382,-42199.08213913672
2163,2163,2542.759326475,-41464.215362183604
2164,2164,2543.9837939750005,-41576.802140541746
2165,2165,2545.109956416,-41941.0707317404
2166,2166,2546.357944379,-41872.59194921718
2167,2167,2547.62193302,-42106.17732450925
2168,2168,2548.80649201,-42426.95675304428
2169,2169,2550.0101172950003,-41996.090814171504
2170,2170,2551.2587497960003,-41513.508184091144
2171,2171,2552.464517925,-42013.926992801076
2172,2172,2553.9124668450004,-41905.91814089264
2173,2173,2555.088170413,-41666.77915729554
2174,2174,2556.339985378,-41734.13860235526
2175,2175,2557.6427000040003,-41860.34559097609
2176,2176,2559.037703567,-42050.780229629236
2177,2177,2560.3627412960004,-41695.05314627603
2178,2178,2561.3559370790003,-42099.12645356274
2179,2179,2562.7146245110002,-41532.713713148165
2180,2180,2564.1249968770003,-41679.7972012454
2181,2181,2565.223144489,-42131.08904592619
2182,2182,2566.4921272340002,-41992.475220006556
2183,2183,2567.7141370550003,-42747.346826199166
2184,2184,2568.9332107220002,-41721.34948738548
2185,2185,2570.071525572,-42500.16449087252
2186,2186,2571.306351964,-41539.95294274684
2187,2187,2572.5374970880002,-42340.63201237329
2188,2188,2573.5837671930003,-41522.697681572936
2189,2189,2574.8145907499998,-41776.57096015574
2190,2190,2575.927432365,-41649.49545825221
2191,2191,2577.064789307,-41932.16410742233
2192,2192,2578.5383128890003,-41899.06934784925
2193,2193,2579.694132165,-41574.818849113144
2194,2194,2580.7660158000003,-41619.61504585925
2195,2195,2581.9783943750003,-42390.172328640285
2196,2196,2583.3611104670003,-42547.054493020245
2197,2197,2584.354368615,-41746.15349194614
2198,2198,2585.568653289,-41798.65169659329
2199,2199,2586.6856763690002,-41596.01399867675
2200,2200,2587.9382835520005,-42286.98743410809
2201,2201,2589.098150167,-41708.13830707342
2202,2202,2590.290118403,-41808.08809045854
2203,2203,2591.4000967350003,-41481.80915303884
2204,2204,2592.63511616,-42145.77338795396
2205,2205,2593.8217939850006,-41800.26178909876
2206,2206,2594.9178981460004,-41884.23410019437
2207,2207,2596.099804703,-41709.38165516409
2208,2208,2597.3475203730004,-41471.96521646102
2209,2209,2598.4937469220004,-41649.04016267321
2210,2210,2599.807171232,-41740.09739237067
2211,2211,2600.966798875,-42216.58891032934
2212,2212,2602.1418403640005,-41477.00909871461
2213,2213,2603.55912699,-41607.34095988352
2214,2214,2604.77282474,-41702.11970051996
2215,2215,2605.8799480640005,-41702.13040244367
2216,2216,2606.8874006779997,-41630.26856402777
2217,2217,2608.045715359,-41446.49774335569
2218,2218,2609.3312608270003,-42140.045035308336
2219,2219,2610.537803731,-41528.05183557641
2220,2220,2611.6807836240005,-41433.84285766196
2221,2221,2612.832626383,-42014.83333710993
2222,2222,2614.0785569020004,-41806.947187310194
2223,2223,2615.27614333,-41818.604535321414
2224,2224,2616.488593069,-41957.33398841371
2225,2225,2617.687736059,-41675.748044491454
2226,2226,2618.94980427,-41505.893823388775
2227,2227,2620.1784407320006,-41420.08483724856
2228,2228,2621.343568914,-41534.31950848213
2229,2229,2622.565091923,-41740.19060441466
2230,2230,2623.8278664890004,-41567.41482063598
2231,2231,2624.991063191,-41649.77521574526
2232,2232,2626.119142868,-41930.01098677407
2233,2233,2627.1615511950004,-41568.93775515321
2234,2234,2628.439299618,-41803.205016874155
2235,2235,2629.665792243,-42227.35482679577
2236,2236,2630.8506791600003,-42238.67372130943
2237,2237,2632.0568690560003,-42205.22566254655
2238,2238,2633.2051515430003,-41772.54522666464
2239,2239,2634.361596465,-41573.374046044395
2240,2240,2635.5225880880002,-41881.09548377889
2241,2241,2636.95647914,-41708.84808073153
2242,2242,2637.9286731750003,-41954.96195227592
2243,2243,2639.0627545780003,-41910.381722887214
2244,2244,2640.198429756,-41861.76564038184
2245,2245,2641.3184084580002,-41850.31427111702
2246,2246,2642.6028694620004,-42006.98351902803
2247,2247,2643.939955095,-41531.138479259775
2248,2248,2645.018220015,-41434.38136451903
2249,2249,2646.129498147,-41572.06720128436
2250,2250,2647.3155810480002,-41798.301436603244
2251,2251,2648.483321307,-41744.73320669761
2252,2252,2649.7848732770003,-42158.78797353286
2253,2253,2650.8708229880003,-41627.460791476755
2254,2254,2651.9445106900002,-41361.391305988574
2255,2255,2653.244417475,-41522.01908804762
2256,2256,2654.492691718,-42492.37596851561
2257,2257,2655.655742591,-41892.41119355314
2258,2258,2657.018297857,-41894.959268497405
2259,2259,2658.1297720680004,-41704.78854987364
2260,2260,2659.2926864440005,-41556.41139855261
2261,2261,2660.474383781,-41755.811659565356
2262,2262,2661.6259026180005,-41694.67302420031
2263,2263,2662.7870269870004,-41878.21912007729
2264,2264,2664.242919666,-41508.74251650462
2265,2265,2665.435117424,-41771.7961275655
2266,2266,2666.640638021,-41681.254821541486
2267,2267,2667.8025549480003,-41571.74130584991
2268,2268,2668.904898877,-41752.2611536142
2269,2269,2670.037432914,-41799.03583086068
2270,2270,2671.27611374,-41895.55477247678
2271,2271,2672.495229553,-41405.250092593415
2272,2272,2673.858272877,-41679.676313697404
2273,2273,2675.088331665,-41783.11113199848
2274,2274,2676.2705125370003,-41553.04849129993
2275,2275,2677.346299583,-41313.79032991751
2276,2276,2678.5165827270002,-41808.83064241635
2277,2277,2679.791352593,-41425.25284528199
2278,2278,2680.9435909480003,-42000.46530113173
2279,2279,2682.1547475360003,-41694.22540056345
2280,2280,2683.4794863170005,-42087.044101227206
2281,2281,2684.619179793,-42028.615852051174
2282,2282,2685.8501197900005,-41618.64847645571
2283,2283,2686.9346149810003,-41623.239998498466
2284,2284,2688.132763974,-41679.545904834595
2285,2285,2689.2878719600003,-42080.56854459712
2286,2286,2690.437270535,-41643.938033490165
2287,2287,2691.679930925,-41377.54323786246
2288,2288,2692.953481412,-41390.35697187167
2289,2289,2694.2353933510003,-42321.97081228003
2290,2290,2695.4336727790005,-41484.35952389687
2291,2291,2696.5490534230003,-41638.264137402555
2292,2292,2697.684865824,-41827.07393903017
2293,2293,2698.846956009,-41615.62997047279
2294,2294,2700.013257339,-42119.85349617215
2295,2295,2701.2405179810003,-41704.60805645699
2296,2296,2702.6448072200005,-42049.11946996825
2297,2297,2703.872366789,-41571.07769504684
2298,2298,2705.063004966,-41729.52595759167
2299,2299,2706.191253156,-41577.120191024085
2300,2300,2707.504662027,-41965.38585160684
2301,2301,2708.8330799140003,-42170.58624232352
2302,2302,2710.0028448110006,-42001.178543489055
2303,2303,2711.32634706,-41686.227252018514
2304,2304,2712.708376862,-41743.68209260034
2305,2305,2713.951363111,-41341.81986551987
2306,2306,2715.1859957670003,-41800.66443979909
2307,2307,2716.4282446400002,-41481.93525974924
2308,2308,2717.5130990360003,-42135.983490400424
2309,2309,2718.6490905830005,-41887.76343044865
2310,2310,2719.728256241,-41756.48953980043
2311,2311,2721.0324559130004,-41657.90129788972
2312,2312,2722.340915698,-41548.00211044907
2313,2313,2723.6187870440003,-41525.41296955591
2314,2314,2724.766157313,-41855.94171165669
2315,2315,2725.9767074750002,-41924.50941133296
2316,2316,2727.135590686,-41348.42702483728
2317,2317,2728.3818585100003,-41487.591828826604
2318,2318,2729.612920374,-42095.16628013384
2319,2319,2730.8564067810003,-41728.693713860644
2320,2320,2732.256725178,-41920.9056258358
2321,2321,2733.427834995,-41647.93090708731
2322,2322,2734.5605273550004,-41675.18022945245
2323,2323,2735.7168005930002,-41991.904420971456
2324,2324,2736.9340602590005,-41727.8934356547
2325,2325,2738.237785355,-41606.75562427375
2326,2326,2739.449880599,-41339.34628084429
2327,2327,2740.731023542,-41630.49155471727
2328,2328,2742.138139386,-41856.74541203349
2329,2329,2743.2078754130002,-41977.36059445029
2330,2330,2744.3128167980003,-41549.79558859707
2331,2331,2745.5063196160004,-41655.64512351386
2332,2332,2746.725948462,-41408.309436401
2333,2333,2747.989794697,-41751.43237536879
2334,2334,2749.068937722,-41457.06097933848
2335,2335,2750.188629449,-41475.49668823507
2336,2336,2751.5928204419997,-42153.41216710213
2337,2337,2752.7181987080003,-41667.016069886464
2338,2338,2753.969774768,-41643.08754595541
2339,2339,2755.1530846470005,-41662.60293541246
2340,2340,2756.2910662510003,-42338.19619778529
2341,2341,2757.5633508290002,-41644.979943238766
2342,2342,2758.76408134,-41619.09218753895
2343,2343,2760.0323906510002,-41839.42070687423
2344,2344,2761.421212146,-41920.37533928793
2345,2345,2762.7179828640005,-41870.010722705556
2346,2346,2763.8897806550003,-41703.104143941644
2347,2347,2765.0671886550003,-41972.46437498083
2348,2348,2766.259574952,-41817.707867586316
2349,2349,2767.6413230000003,-41791.092062121556
2350,2350,2768.841464205,-41368.56495729549
2351,2351,2770.1742449410003,-41754.858030996795
2352,2352,2771.499606546,-41743.003382007206
2353,2353,2772.586864393,-42017.83104857605
2354,2354,2773.699399289,-41918.44636087201
2355,2355,2774.886242447,-41768.856066379114
2356,2356,2776.141732422,-41469.04974050404
2357,2357,2777.267011603,-41482.218034636404
2358,2358,2778.3100491180003,-41696.018985220624
2359,2359,2779.364750475,-41821.45828928048
2360,2360,2780.687496809,-42128.23602288208
2361,2361,2781.8009359790003,-42432.1610650211
2362,2362,2783.0259207540003,-41724.12155108354
2363,2363,2784.1777914900003,-41980.1909642618
2364,2364,2785.441725062,-41809.42568074704
2365,2365,2786.611352793,-41844.72481921095
2366,2366,2787.801044888,-41708.01904952345
2367,2367,2788.990309351,-41401.45953843993
2368,2368,2790.477604739,-41861.10416238026
2369,2369,2791.7480811240002,-42309.71629680364
2370,2370,2792.921184282,-41935.04047904679
2371,2371,2794.135306328,-41557.251278800235
2372,2372,2795.2590382900003,-41779.354270952565
2373,2373,2796.481397023,-41797.33643574942
2374,2374,2797.576018848,-41584.82350836087
2375,2375,2798.78573025,-41828.872096147425
2376,2376,2799.99680933,-41589.76006880457
2377,2377,2801.2181409920004,-41624.67960711221
2378,2378,2802.2933205940003,-41211.61568577934
2379,2379,2803.548449972,-41756.43563554726
2380,2380,2804.790189251,-41739.573715199986
2381,2381,2805.979566809,-42329.7760628665
2382,2382,2807.2275643760004,-41778.79641149042
2383,2383,2808.37422268,-41693.5539555961
2384,2384,2809.6589390020004,-41939.61023604485
2385,2385,2810.7403057630004,-41460.53395606688
2386,2386,2811.764755808,-41626.39824424371
2387,2387,2812.866893108,-41629.56848240498
2388,2388,2814.043372685,-43163.152599775705
2389,2389,2815.41047852,-41434.66185940705
2390,2390,2816.568418902,-41263.571112488586
2391,2391,2817.734633551,-41487.574583141446
2392,2392,2819.1109702390004,-42281.9704250126
2393,2393,2820.279900846,-42103.200010523295
2394,2394,2821.4687128630003,-42030.56525525315
2395,2395,2822.666303166,-41611.55789894626
2396,2396,2823.768349721,-41471.46487612363
2397,2397,2824.987950367,-42010.85348044317
2398,2398,2826.055186414,-41620.76935908532
2399,2399,2827.3228735350003,-41543.17298860702
2400,2400,2828.7213101690004,-41715.57542416244
2401,2401,2829.971189702,-41634.73464411406
2402,2402,2831.2210240500003,-41547.09141490545
2403,2403,2832.3527170410002,-41449.192113847566
2404,2404,2833.577134603,-41696.76292514831
2405,2405,2834.802102707,-41584.61852358198
2406,2406,2835.905169832,-42087.6944386909
2407,2407,2837.157308917,-41708.22307285872
2408,2408,2838.540601165,-41846.65499533829
2409,2409,2839.7323069240006,-41796.29819195362
2410,2410,2841.009250744,-42111.80850114466
2411,2411,2842.1246694,-41974.72480350307
2412,2412,2843.193952906,-42446.59901138908
2413,2413,2844.3603396380004,-41360.79771016101
2414,2414,2845.4729843950004,-41711.2097487567
2415,2415,2846.719856656,-41572.34720248633
2416,2416,2848.030608171,-41429.400166760126
2417,2417,2849.2613309030003,-41285.80293802335
2418,2418,2850.5597877910004,-41161.316706225014
2419,2419,2851.737265693,-41600.59546178408
2420,2420,2852.9634489450004,-41487.74935788514
2421,2421,2854.1670631560005,-41697.56707058426
2422,2422,2855.2955623350003,-41991.71535751224
2423,2423,2856.5722051860002,-41870.38164826238
2424,2424,2857.6576373780003,-41906.75680869486
2425,2425,2858.910015538,-41522.78056835414
2426,2426,2860.044407705,-42109.401107760285
2427,2427,2861.174211984,-41683.76555349467
2428,2428,2862.3709287809997,-42110.5055010106
2429,2429,2863.498251936,-41466.50688905979
2430,2430,2864.7792065330004,-41919.90144557046
2431,2431,2865.950659099,-41501.24662275256
2432,2432,2867.169611378,-41647.569948079676
2433,2433,2868.5807281019997,-41464.01595506716
2434,2434,2869.852414772,-41714.67553359721
2435,2435,2871.046213735,-41439.11837985528
2436,2436,2872.271107042,-41762.88992653006
2437,2437,2873.7016012030003,-41449.71600856838
2438,2438,2874.945596937,-41492.010064321934
2439,2439,2876.026074117,-41731.340387703654
2440,2440,2877.3038961630004,-41770.76424164621
2441,2441,2878.473957601,-41459.397040007934
2442,2442,2879.673631607,-41827.07028047103
2443,2443,2880.811395422,-41637.11483821692
2444,2444,2882.1222058040003,-41664.41382993973
2445,2445,2883.268033738,-41833.03098926494
2446,2446,2884.670459326,-41552.3130192055
2447,2447,2885.8640484530006,-41396.2500652765
2448,2448,2887.1364845850003,-42072.313357184
2449,2449,2888.284370713,-41764.589475600966
2450,2450,2889.382448912,-41322.514047841694
2451,2451,2890.5564410920006,-41724.23789081848
2452,2452,2891.780181475,-42210.73360981764
2453,2453,2892.9054703300003,-41991.469443564456
2454,2454,2894.1696769560003,-41258.99295314616
2455,2455,2895.2756475630003,-41600.27646687941
2456,2456,2896.4717527730004,-42171.2757724353
2457,2457,2897.6947360570002,-41547.784635494565
2458,2458,2899.017253482,-41735.49232535377
2459,2459,2900.1669007530004,-41764.162571650784
2460,2460,2901.373167628,-41428.41372816247
2461,2461,2902.582240827,-41604.26175656377
2462,2462,2903.7243347030003,-41600.5943856958
2463,2463,2904.972729127,-41947.334442705454
2464,2464,2906.209626965,-41500.507468251126
2465,2465,2907.6165213320005,-41878.06260700657
2466,2466,2909.059180749,-41931.2178231679
2467,2467,2910.203222335,-43505.14747409825
2468,2468,2911.538627017,-41436.677237027994
2469,2469,2912.768914104,-41861.71703253643
2470,2470,2914.031615957,-41584.34377579375
2471,2471,2915.1904060360002,-41431.9132757064
2472,2472,2916.3947651770004,-41764.67830194521
2473,2473,2917.560698302,-41554.3871900549
2474,2474,2919.0252746240003,-41824.878723430185
2475,2475,2920.2229073670005,-41626.547097059774
2476,2476,2921.398996818,-41756.03196040206
2477,2477,2922.60997916,-41787.980609529506
2478,2478,2923.7835666790006,-41516.74047876409
2479,2479,2925.057145972,-41576.2559924133
2480,2480,2926.287516028,-41973.11672150617
2481,2481,2927.733333616,-41734.727278865554
2482,2482,2928.954775518,-41559.6995446542
2483,2483,2930.120096292,-41825.329129636986
2484,2484,2931.3277628510004,-41492.58778639317
2485,2485,2932.6711324430003,-41680.41197565567
2486,2486,2933.7340590090002,-41496.2332439316
2487,2487,2934.8330773320004,-41473.772900331445
2488,2488,2935.9881624580003,-41449.114900386565
2489,2489,2937.2780186050004,-41977.21515343209
2490,2490,2938.396000431,-41848.266250879926
2491,2491,2939.582719497,-41506.578604171154
2492,2492,2940.8128021520006,-41492.524806633905
2493,2493,2942.000818673,-41867.00273431729
2494,2494,2943.205741955,-41881.793541066654
2495,2495,2944.547840961,-41477.75244501949
2496,2496,2945.88376641,-41734.98856937045
2497,2497,2947.1654168170003,-41405.97917672024
2498,2498,2948.323767491,-41526.77406009248
2499,2499,2949.349697627,-41759.533253595146
2500,2500,2950.690325817,-41787.14866953441
2501,2501,2951.7367975060006,-41340.59687738782
2502,2502,2952.9039378360003,-41522.941113932815
2503,2503,2954.037304032,-41745.430538659675
2504,2504,2955.240355953,-41531.74318820137
2505,2505,2956.623597524,-41537.81367400807
2506,2506,2957.880818077,-41360.30515038712
2507,2507,2959.104243474,-41667.43170864886
2508,2508,2960.301092816,-41648.36297875069
2509,2509,2961.485254399,-41531.79632433041
2510,2510,2962.8721567680004,-41657.42359916514
2511,2511,2964.01072409,-41286.02728932968
2512,2512,2965.187728891,-41790.67599858367
2513,2513,2966.5306147300003,-42373.587864206886
2514,2514,2967.7310116420003,-41414.87198031623
2515,2515,2968.8987532250003,-41683.53563963146
2516,2516,2970.1284529920003,-42256.141302714444
2517,2517,2971.228338506,-41511.48013524178
2518,2518,2972.570135105,-41427.26516917472
2519,2519,2973.7591126830002,-41733.27459295656
2520,2520,2974.991149457,-41736.84771923709
2521,2521,2976.2695693530004,-41726.18915030514
2522,2522,2977.425906251,-41782.87352368541
2523,2523,2978.5657002020002,-42057.571280108146
2524,2524,2979.8581319420005,-41864.991245344034
2525,2525,2981.051462666,-41198.474065501745
2526,2526,2982.25863048,-42082.90890422184
2527,2527,2983.4447646790004,-41736.63048066483
2528,2528,2984.736861676,-41986.61655236135
2529,2529,2985.95446579,-41471.93413099911
2530,2530,2987.2697729140004,-41425.71163339542
2531,2531,2988.50133031,-41300.45806857144
2532,2532,2989.658981502,-41542.64017163732
2533,2533,2990.7851446950003,-41791.32553618681
2534,2534,2991.951397121,-41642.25391101842
2535,2535,2992.989169452,-41480.299354665054
2536,2536,2994.32786543,-41811.58724547281
2537,2537,2995.5635713500005,-41313.93154997956
2538,2538,2996.7162411560003,-41790.58627142101
2539,2539,2997.8186643550002,-41720.12639183276
2540,2540,2999.127105953,-41974.23220433721
2541,2541,3000.171437812,-41974.01016684959
2542,2542,3001.228855748,-41459.21861681814
2543,2543,3002.363676062,-41657.304896553134
2544,2544,3003.6720749650003,-41714.252504040924
2545,2545,3004.922947565,-41692.570741494084
2546,2546,3006.0191239440005,-41306.579777332074
2547,2547,3007.2784468730006,-41696.337197122644
2548,2548,3008.508105165,-41934.29083752739
2549,2549,3009.9603122080002,-41541.61394884095
2550,2550,3011.0467703120003,-41441.2833577544
2551,2551,3012.2757174500002,-41662.12626148476
2552,2552,3013.6653195480003,-41775.52063267544
2553,2553,3014.911026262,-41819.80246818295
2554,2554,3016.122897127,-41408.02340598696
2555,2555,3017.3424807700003,-42292.16293281122
2556,2556,3018.509558162,-41244.50479996284
2557,2557,3019.8272547890006,-41663.912707585725
2558,2558,3021.074139368,-41692.48753276277
2559,2559,3022.5600037990002,-41549.962790202284
2560,2560,3023.7245767860004,-41414.807470113024
2561,2561,3024.932313907,-41731.606321126645
2562,2562,3026.063468938,-41257.65499413476
2563,2563,3027.456251294,-41439.89980432765
2564,2564,3028.706297789,-42002.13088027071
2565,2565,3029.8490934050005,-41900.24640923853
2566,2566,3031.144927664,-41190.256396630466
2567,2567,3032.323205859,-42214.20092884437
2568,2568,3033.5155535090003,-41952.64507214051
2569,2569,3034.890267841,-41749.361293028705
2570,2570,3035.960269311,-41781.728878429974
2571,2571,3037.1179335600004,-41562.35366404811
2572,2572,3038.249581979,-41850.92615519851
2573,2573,3039.460820169,-42263.43072091876
2574,2574,3040.8057808000003,-41959.98241913881
2575,2575,3041.987838269,-42181.14132254655
2576,2576,3043.1393625670003,-42140.63598659492
2577,2577,3044.252885584,-42412.116794767266
2578,2578,3045.360298346,-41625.13112274607
2579,2579,3046.569899289,-42020.070346594635
2580,2580,3047.8959869630003,-41712.26735072934
2581,2581,3049.072231925,-42168.449955135125
2582,2582,3050.277706439,-41853.84831953493
2583,2583,3051.57778907,-41233.385268944665
2584,2584,3052.704119289,-41452.43932273457
2585,2585,3054.0236948530005,-41455.248066120104
2586,2586,3055.1684271599997,-41875.83563754366
2587,2587,3056.317999656,-41567.77904377066
2588,2588,3057.366559028,-41533.69875852078
2589,2589,3058.63796485,-41519.30382975002
2590,2590,3059.7583803429998,-41696.83904478307
2591,2591,3060.9362623350003,-41520.39114225671
2592,2592,3062.209130607,-41407.612237353125
2593,2593,3063.459956393,-41519.26034223793
2594,2594,3064.794255913,-42135.856089808236
2595,2595,3066.102237073,-41616.425024295706
2596,2596,3067.2240034690003,-41534.52530204311
2597,2597,3068.5111263050003,-41634.89646722383
2598,2598,3069.797757402,-42381.909559072636
2599,2599,3071.0440754560004,-41656.58877910666
2600,2600,3072.198537909,-41777.968404178304
2601,2601,3073.2777753240002,-41564.53374837566
2602,2602,3074.399129212,-41543.0076108272
2603,2603,3075.5859298090004,-41561.18310727151
2604,2604,3076.719898707,-41703.33357675689
2605,2605,3077.983952527,-41986.81945193764
2606,2606,3079.0993452010002,-41525.200113671526
2607,2607,3080.5240171950004,-41576.4119010361
2608,2608,3081.771269406,-41339.72778224031
2609,2609,3083.0824759760003,-41602.587423203055
2610,2610,3084.3255607690003,-41808.48832850909
2611,2611,3085.528002847,-41654.792457922005
2612,2612,3086.873408334,-41445.828055052865
2613,2613,3087.9796551030004,-41463.83561446806
2614,2614,3089.288324655,-41749.25646133126
2615,2615,3090.526576302,-41389.45148097905
2616,2616,3091.672588533,-41426.61604829449
2617,2617,3092.8869864830003,-42091.387203258455
2618,2618,3094.1267043340004,-41960.06214782613
2619,2619,3095.4519070510005,-41803.303300939304
2620,2620,3096.655281956,-41670.720813892985
2621,2621,3097.87787539,-41774.03435429801
2622,2622,3099.2545668800003,-41492.21032974854
2623,2623,3100.4979589050004,-41469.2893869894
2624,2624,3101.659188949,-41358.21713107624
2625,2625,3102.871867188,-41780.04015846912
2626,2626,3104.183666805,-41502.04232554135
2627,2627,3105.3999680370002,-41283.54941842944
2628,2628,3106.6234079130004,-41338.54855597326
2629,2629,3107.819541828,-41484.88554185665
2630,2630,3108.934017614,-41665.52674071856
2631,2631,3110.0924703240003,-41579.26009513357
2632,2632,3111.335399381,-41459.352998755
2633,2633,3112.711417857,-41472.54253077949
2634,2634,3113.831089441,-41747.37362123528
2635,2635,3114.984640765,-41554.681060047085
2636,2636,3116.1372104859997,-41544.45583673325
2637,2637,3117.444638281,-42264.209717715916
2638,2638,3118.850280187,-41260.663034726116
2639,2639,3119.959382514,-41849.80853359105
2640,2640,3121.1821868620004,-41697.97691508136
2641,2641,3122.377070646,-41650.86510235807
2642,2642,3123.786884818,-41817.61773631023
2643,2643,3124.9554440800002,-42487.09968677305
2644,2644,3126.063556592,-41495.78107540819
2645,2645,3127.2392455510003,-42083.55618910061
2646,2646,3128.4020129110004,-41675.47319145837
2647,2647,3129.788640147,-41744.336728068534
2648,2648,3131.0051307650006,-41216.79423367182
2649,2649,3132.509224144,-42503.71602273235
2650,2650,3133.699881186,-42170.99699563139
2651,2651,3134.9366271760005,-41178.65877605591
2652,2652,3136.179300788,-41783.404072602774
2653,2653,3137.596102551,-41728.22774352055
2654,2654,3138.7150569820005,-41607.17599079562
2655,2655,3139.8618468400005,-42209.26810154753
2656,2656,3141.057019421,-41645.157586522524
2657,2657,3142.389945937,-41351.14434728911
2658,2658,3143.4953429740003,-41460.11801090562
2659,2659,3144.6747391520003,-41658.611506107736
2660,2660,3145.8946809860004,-41617.4250376312
2661,2661,3146.9449077330005,-41535.25651125543
2662,2662,3148.1156831690005,-41904.26497867586
2663,2663,3149.3502515140003,-42103.81819234034
2664,2664,3150.5080656870005,-41877.940048008975
2665,2665,3151.733783899,-41601.31884402517
2666,2666,3152.9424099570006,-41433.60973798254
2667,2667,3154.2336778740005,-41431.07862365109
2668,2668,3155.509512105,-41250.320226944874
2669,2669,3156.6459420690003,-41724.784121756515
2670,2670,3157.676734094,-41430.59590357128
2671,2671,3158.8305856980005,-41854.30632114334
2672,2672,3160.1956504050004,-41923.33543269802
2673,2673,3161.389871651,-41728.32821999986
2674,2674,3162.511990064,-41451.71550558454
2675,2675,3163.53874171,-41731.62435043403
2676,2676,3164.863231855,-41620.14634934067
2677,2677,3166.0470107490005,-41646.27412421329
2678,2678,3167.182886333,-42159.36813271809
2679,2679,3168.4598589560005,-41384.198484380664
2680,2680,3169.4749322750004,-41804.7436347968
2681,2681,3170.4791421040004,-41703.013202435424
2682,2682,3171.6840686230003,-41559.199823213035
2683,2683,3172.896080524,-41485.25453257462
2684,2684,3174.0877831170005,-41464.690474096016
2685,2685,3175.1992242300003,-41490.64053324992
2686,2686,3176.3362657100006,-41650.267766221266
2687,2687,3177.6291797330005,-41646.50702867207
2688,2688,3178.777739989,-41856.78758895381
2689,2689,3179.9383712390004,-41487.87063712497
2690,2690,3180.960931739,-41913.120069867175
2691,2691,3182.064421412,-41499.68511082695
2692,2692,3183.2060158690006,-41455.19592692469
2693,2693,3184.489281555,-41722.182203062985
2694,2694,3185.6247070440004,-41953.43521005585
2695,2695,3186.8374838970003,-41361.743934488564
2696,2696,3188.0036281070006,-41480.06941144458
2697,2697,3189.122417023,-41420.626542657476
2698,2698,3190.311935426,-41653.46111050146
2699,2699,3191.683658641,-42175.4163923652
2700,2700,3192.7620741200003,-41592.02721678745
2701,2701,3193.7093753060003,-41686.51944087641
2702,2702,3194.689901655,-41691.33996959092
2703,2703,3195.88241305,-41657.26338349209
2704,2704,3196.8953980650003,-42633.79990688628
2705,2705,3198.1124854010004,-41464.241061155204
2706,2706,3199.154717579,-41429.883765252314
2707,2707,3200.148283274,-41400.50703227351
2708,2708,3201.2412566200005,-41533.86283588658
2709,2709,3202.486674648,-41735.707147887384
2710,2710,3203.736309229,-41425.03915221979
2711,2711,3204.911519667,-41373.36161690915
2712,2712,3206.111689771,-42123.102124891455
2713,2713,3207.140617771,-41599.563718333215
2714,2714,3208.2534306780003,-41881.46625813992
2715,2715,3209.348273126,-41471.28059479052
2716,2716,3210.538407384,-41431.3244949127
2717,2717,3211.819543917,-41627.086497995115
2718,2718,3212.9154279560003,-41880.06946525015
2719,2719,3214.2361902000007,-41551.19108927912
2720,2720,3215.4011588650005,-41483.29064163487
2721,2721,3216.516056428,-41610.33208109159
2722,2722,3217.605666996,-41944.75642010313
2723,2723,3218.657969534,-41464.5667448088
2724,2724,3219.930465023,-41389.431758520135
2725,2725,3221.0137208290002,-41589.83335656953
2726,2726,3222.1351934560003,-41712.31872683904
2727,2727,3223.321745954,-41849.88340805401
2728,2728,3224.3580696960003,-41575.25998580284
2729,2729,3225.4684459480004,-41392.657126386126
2730,2730,3226.6114398900004,-41351.44766571805
2731,2731,3227.880943532,-41453.766627601726
2732,2732,3228.9810927709996,-41387.15689828801
2733,2733,3230.157009092,-41667.42361262212
2734,2734,3231.2332426999997,-41400.829105111
2735,2735,3232.4482741509996,-41796.70810042858
2736,2736,3233.7225813160003,-41316.598067200466
2737,2737,3234.827229199,-41475.604982507306
2738,2738,3236.193603684,-41706.11735686102
2739,2739,3237.3257910889997,-42383.255403506046
2740,2740,3238.4173981590006,-41951.847218787174
2741,2741,3239.501442576,-41352.643576640185
2742,2742,3240.688489355,-41726.63886115198
2743,2743,3242.0778565690002,-41704.34206861504
2744,2744,3243.222077767,-41824.10570649081
2745,2745,3244.258450741,-41821.536092878276
2746,2746,3245.351855309,-42048.68574490685
2747,2747,3246.4786640860007,-41705.720624319
2748,2748,3247.7745187820005,-42120.10442686481
2749,2749,3248.922559167,-41518.386882933926
2750,2750,3249.9960006280007,-41554.55453944155
2751,2751,3251.1013507360003,-41453.154068912976
2752,2752,3252.206413809,-42114.21316981191
2753,2753,3253.2681850250005,-42366.49949719292
2754,2754,3254.3568584770005,-41291.84991681079
2755,2755,3255.5766263160003,-41554.395870293556
2756,2756,3256.702621605,-41343.548807177904
2757,2757,3257.803988959,-41376.24950104575
2758,2758,3258.784014368,-41595.51478004169
2759,2759,3259.837565031,-41868.10292190108
2760,2760,3261.03647804,-41606.488031234985
2761,2761,3262.125881353,-41454.709102521476
2762,2762,3263.2242161240006,-41493.876792026196
2763,2763,3264.3692643530003,-41685.13372646083
2764,2764,3265.4798504160003,-41566.92823243341
2765,2765,3266.5843947549997,-41975.24977560208
2766,2766,3267.8651289820004,-41819.97480532057
2767,2767,3268.8586606500003,-41515.65640625464
2768,2768,3269.8928749720003,-41684.11338975549
2769,2769,3270.9549067039998,-41418.180340452265
2770,2770,3272.0738710450005,-41626.33339846156
2771,2771,3273.1831566020005,-41580.70122535656
2772,2772,3274.512784048,-41814.80376455117
2773,2773,3275.483749724,-41522.02641493613
2774,2774,3276.6528252430003,-41330.26183998768
2775,2775,3277.6598593360004,-41144.3649583168
2776,2776,3278.9423421080005,-41405.841219915696
2777,2777,3280.0222650590003,-41885.56730277201
2778,2778,3281.1206228350006,-41592.98587951307
2779,2779,3282.1679324300003,-41800.13459641809
2780,2780,3283.334687502,-41786.77274644026
2781,2781,3284.517757641,-42193.43296236323
2782,2782,3285.7341861219998,-41510.14587916577
2783,2783,3286.8702493420005,-41483.82169271938
2784,2784,3287.9730955930004,-41764.56109915204
2785,2785,3289.0355850850005,-41613.029962608896
2786,2786,3290.2411960680006,-41354.69590672361
2787,2787,3291.304613026,-41394.06157039573
2788,2788,3292.4373718470006,-41482.53407365828
2789,2789,3293.6190589000003,-41590.93355140603
2790,2790,3294.7676343300004,-42403.547254138924
2791,2791,3295.9779287040005,-41548.9414867437
2792,2792,3296.956607848,-41563.583098637544
2793,2793,3298.089270279,-41692.246583912114
2794,2794,3299.2684344950007,-41564.595851998296
2795,2795,3300.3384955889996,-41851.80538421779
2796,2796,3301.430593505,-42052.3310771712
2797,2797,3302.4460394850007,-41554.11109142597
2798,2798,3303.810029458,-41605.31633871425
2799,2799,3304.9178986820007,-41311.11969902259
2800,2800,3305.9822817530003,-41556.42010143895
2801,2801,3307.033759731,-41618.96046447441
2802,2802,3308.265878527,-41257.590022421384
2803,2803,3309.306758577,-41928.61208669408
2804,2804,3310.364070161,-41384.026291345355
2805,2805,3311.585742086,-41365.61816267346
2806,2806,3312.5726415249997,-41390.723663328754
2807,2807,3313.6388634310006,-42032.07847676394
2808,2808,3314.747485984,-41523.23145780011
2809,2809,3315.81237052,-41493.75323152956
2810,2810,3316.882675637,-41562.807141739984
2811,2811,3317.9452024270004,-41573.72298763208
2812,2812,3318.9482367190008,-41923.45603755506
2813,2813,3320.011391476,-41339.45482863745
2814,2814,3320.991732948,-41426.06864525765
2815,2815,3322.0353264480004,-41764.342674762316
2816,2816,3323.0721936120003,-41876.98321526853
2817,2817,3324.0824679790003,-41612.65351770096
2818,2818,3325.1454548100005,-41548.43648683695
2819,2819,3326.318747407,-41523.82463556324
2820,2820,3327.342604334,-41893.68370509001
2821,2821,3328.3516336889998,-41947.17531783894
2822,2822,3329.3221106810006,-41444.674689975865
2823,2823,3330.473325604001,-41751.73577785305
2824,2824,3331.526869924,-41942.05097138273
2825,2825,3332.73037109,-41392.832144335865
2826,2826,3333.8654258349998,-41717.85939547898
2827,2827,3334.8244847610003,-41949.437498321015
2828,2828,3335.991994524,-42217.136938236516
2829,2829,3337.248558234,-41528.785387753094
2830,2830,3338.3283536270005,-41627.37350477802
2831,2831,3339.4817674140004,-41747.12355544766
2832,2832,3340.5353995699998,-41703.48500000402
2833,2833,3341.5924210770004,-41351.280824879344
2834,2834,3342.703230771,-41511.388387769985
2835,2835,3343.8671788630004,-41485.96906871126
2836,2836,3344.9418646850004,-41752.58055851454
2837,2837,3345.9265440210006,-41721.31628623825
2838,2838,3346.929394834,-41320.2416654642
2839,2839,3348.3222868160005,-41635.62789021098
2840,2840,3349.3012076459995,-41421.72415030631
2841,2841,3350.45051936,-41755.09369905296
2842,2842,3351.4826309020004,-41912.31380421362
2843,2843,3352.745963817,-41829.246060615995
2844,2844,3353.846462129,-41688.07481102566
2845,2845,3354.8451669200003,-41520.0114478624
2846,2846,3355.9930747850003,-41468.52021172909
2847,2847,3357.1872243310004,-41657.374083485476
2848,2848,3358.3021050320003,-41474.51399385781
2849,2849,3359.426759062,-41854.6204014502
2850,2850,3360.506154624,-42012.57527373242
2851,2851,3361.69108321,-41691.85274743859
2852,2852,3362.7460725130004,-41394.096275399825
2853,2853,3363.647379482001,-42794.680446384235
2854,2854,3364.7021838080004,-42072.59686622053
2855,2855,3365.6447910819998,-41677.03151873027
2856,2856,3366.7740517790007,-41414.65925067883
2857,2857,3367.8889593230006,-41364.57941854566
2858,2858,3369.0493335620004,-41591.06214204396
2859,2859,3370.1570385249997,-41278.17315681063
2860,2860,3371.218422442,-41747.01975631389
2861,2861,3372.1795408680005,-41488.45507927554
2862,2862,3373.1963297640004,-41648.95733253057
2863,2863,3374.4881308910003,-41870.10819889665
2864,2864,3375.5562240370004,-41716.49028929206
2865,2865,3376.5301242250002,-41736.296707536465
2866,2866,3377.5459493950007,-41462.19667894222
2867,2867,3378.5640645729995,-41990.96908348157
2868,2868,3379.701566925,-41587.84768626603
2869,2869,3380.7839851159997,-41313.73388893683
2870,2870,3382.0630618800005,-41992.64288634417
2871,2871,3383.1384837040005,-41439.48770276508
2872,2872,3384.238379759,-41907.719011811125
2873,2873,3385.247349919,-41278.32353942589
2874,2874,3386.233042333,-41463.735565014715
2875,2875,3387.4828141049998,-41559.71955963456
2876,2876,3388.488983599,-41607.07723253963
2877,2877,3389.4253490520005,-41649.13197807918
2878,2878,3390.346097591,-41998.927979045155
2879,2879,3391.515504506,-41344.37043655951
2880,2880,3392.518624854,-41671.95986439991
2881,2881,3393.5023871770004,-42105.69691423117
2882,2882,3394.4830829090006,-41327.0864978609
2883,2883,3395.672054178,-41727.68707848209
2884,2884,3396.571210347,-41366.47542436604
2885,2885,3397.7064555220004,-41791.379152333204
2886,2886,3398.6298060430004,-41507.155135385074
2887,2887,3399.795823576,-41516.88911205172
2888,2888,3400.7762729950005,-41444.97806138464
2889,2889,3401.8601174829996,-41787.643627647245
2890,2890,3402.888316942,-41135.58831180692
2891,2891,3403.8917970490006,-41423.64119798124
2892,2892,3405.036886297,-41241.66973549832
2893,2893,3406.1060755730005,-41390.66425999934
2894,2894,3407.073970894,-41735.926671509376
2895,2895,3408.1117195670004,-42109.32752115199
2896,2896,3409.115310683,-41472.675466848545
2897,2897,3410.3993353450005,-41528.11463355137
2898,2898,3411.336213228,-41496.03794741913
2899,2899,3412.3105163840005,-41608.82080608162
2900,2900,3413.2756167380003,-41593.2688419344
2901,2901,3414.3890241060003,-41799.31934359361
2902,2902,3415.2380428900005,-41612.01403604732
2903,2903,3416.209398218,-41590.57493895974
2904,2904,3417.3189565969997,-41592.21797576393
2905,2905,3418.309472192,-41448.44633335166
2906,2906,3419.401949866,-41697.04879207397
2907,2907,3420.4253241439997,-41620.281515844916
2908,2908,3421.3397795039996,-41621.77412491919
2909,2909,3422.4615575230005,-41594.573227580484
2910,2910,3423.333177986,-41476.78316407018
2911,2911,3424.275125131,-41520.76059665199
2912,2912,3425.2636370669998,-41495.107209528105
2913,2913,3426.400406667,-41801.827353652494
2914,2914,3427.951349532,-41524.10308991339
2915,2915,3429.099867919,-41564.09999577817
2916,2916,3430.1544618200005,-41592.23452867773
2917,2917,3431.162958445,-41529.02228065023
2918,2918,3432.1766543560007,-41915.51052528046
2919,2919,3433.3588697679997,-41859.417869684825
2920,2920,3434.386674174,-41549.29424701161
2921,2921,3435.3470257629997,-41905.95736174399
2922,2922,3436.401912255,-41620.96217203714
2923,2923,3437.3691611199997,-41291.2314789773
2924,2924,3438.3257616090004,-41527.515788068886
2925,2925,3439.471184047,-41519.11781088429
2926,2926,3440.3624943610007,-41407.22828018421
2927,2927,3441.437207373,-41463.337642158396
2928,2928,3442.4731950920004,-41485.62080150019
2929,2929,3443.369783309,-41529.7043531904
2930,2930,3444.439609412,-41680.892052910116
2931,2931,3445.3320618579996,-41436.02328187543
2932,2932,3446.2054096340003,-42577.3890017923
2933,2933,3447.183106649,-41711.112206945676
2934,2934,3448.131008592,-41634.585437424066
2935,2935,3449.2100414710003,-41427.726918288485
2936,2936,3450.1809175860003,-41619.13074763699
2937,2937,3451.153051408,-41916.83815772433
2938,2938,3452.224217878,-41516.00835415163
2939,2939,3453.038452375,-41514.20961253431
2940,2940,3454.0294668370007,-41670.60132667132
2941,2941,3455.105828157,-41334.69384325351
2942,2942,3455.8350832770006,-41708.79983813548
2943,2943,3457.047308051,-41321.481075071846
2944,2944,3458.3089019850004,-41353.942159107704
2945,2945,3459.24148409,-41380.081171556405
2946,2946,3459.9501763539997,-41514.424488415425
2947,2947,3460.6540210740004,-41983.56067871218
2948,2948,3461.3636297100006,-41552.349711220275
2949,2949,3462.09434082,-41721.088925248616
2950,2950,3463.404578035,-41849.5312265371
2951,2951,3464.7259777780005,-41690.402274360385
2952,2952,3466.216855524,-41674.789029880805
2953,2953,3467.528844255,-41523.151256194375
2954,2954,3468.3738937280004,-41526.842468332645
2955,2955,3469.0907421800007,-41518.212812328195
2956,2956,3469.9377602260006,-41953.0410706131
2957,2957,3470.6413698280003,-41374.251778192294
2958,2958,3471.342623278,-41422.351214118076
2959,2959,3472.0559885800003,-41838.38893466317
2960,2960,3472.903654594,-41519.24357786895
2961,2961,3473.6134310439998,-42238.855491996845
2962,2962,3474.322152047,-41678.46648283442
2963,2963,3475.038776705,-41836.45195070833
2964,2964,3475.754671692,-41371.71131602673
2965,2965,3476.509590665,-41718.86446404281
2966,2966,3477.357701082,-41235.35506761352
2967,2967,3478.066595345,-41483.23370914055
2968,2968,3478.784217749,-41291.40588153613
2969,2969,3479.5800606600005,-41771.43175694256
2970,2970,3480.3080695020003,-41415.98411502265
2971,2971,3481.1177053940005,-41502.490721187496
2972,2972,3481.8266856600003,-41555.19637711151
2973,2973,3482.5402214460005,-41293.82670459785
2974,2974,3483.346446566,-41587.912911469604
2975,2975,3484.0571572060003,-41494.28872002339
2976,2976,3484.7790374590004,-41556.32648009056
2977,2977,3485.97761753,-41632.48455897067
2978,2978,3486.670929706,-41551.16030438222
2979,2979,3487.37490481,-41673.76235084266
2980,2980,3488.1701011950004,-41587.79581955222
2981,2981,3488.9084332770003,-41610.29315170435
2982,2982,3489.6668460049996,-41562.92902296786
2983,2983,3490.5039521189997,-42091.39929659877
2984,2984,3491.235905791,-41469.49097084143
2985,2985,3492.5799905490003,-41734.01149017624
2986,2986,3493.918400821,-41541.47836928301
2987,2987,3495.2559908240005,-41897.91237250441
2988,2988,3496.7081466759996,-41510.12216026935
2989,2989,3498.034192959,-41642.06477415397
2990,2990,3499.6076991280006,-41742.61303395855
2991,2991,3500.9498253250003,-41598.96997977182
2992,2992,3502.2966463690004,-41621.98438620414
2993,2993,3503.6315912980003,-41351.68955666729
2994,2994,3505.0934842909996,-41824.87157117902
2995,2995,3506.442429879,-41884.80952680008
2996,2996,3507.781941541,-41654.066863801854
2997,2997,3508.581479005,-41865.607521824255
2998,2998,3509.274013396,-41732.09292446263
2999,2999,3509.972504314,-41714.81654048742
