index,iter,time,objective
0,0,1.8759763460000978,-47281.81385449404
1,1,2.9210659270000177,-47253.5131531318
2,2,3.854178797000088,-47417.31732477098
3,3,4.806670247999952,-47080.61959759882
4,4,5.922969602999976,-47352.193095714356
5,5,6.9431081730001605,-47160.89556687022
6,6,7.912551550999982,-47103.08086291907
7,7,8.898999205,-47227.864787550134
8,8,9.879598616000033,-47182.84558002745
9,9,11.012886430999963,-47244.51037755583
10,10,12.033881093000062,-47269.95321703983
11,11,13.090968752000014,-47391.17666940047
12,12,14.14873373400001,-47148.043852602175
13,13,15.09164070600015,-47343.53829237466
14,14,16.11100438700011,-47217.55996190631
15,15,17.04706567099993,-47150.17862627999
16,16,18.103380615000148,-47209.99489642223
17,17,19.020930984999985,-47254.89858571473
18,18,19.971772979000118,-47116.83783266016
19,19,21.006277064000024,-47126.12905151072
20,20,21.931007946999976,-47263.7161473983
21,21,23.051676274999977,-47249.204824226035
22,22,24.078551541000138,-47166.42897704666
23,23,25.055734942000125,-47195.363619250376
24,24,26.03385342300008,-47228.363232327676
25,25,26.869496390999995,-47277.63399887542
26,26,27.825566108,-47183.29431382827
27,27,28.946800702000036,-47265.47896728582
28,28,29.858023254000116,-47260.48113119088
29,29,30.827654742999933,-47028.908219165336
30,30,31.844775311999953,-47242.0631746337
31,31,32.85057956800004,-47243.966351629024
32,32,33.75635346799996,-47204.45498057339
33,33,34.68338168400014,-47001.483182714306
34,34,35.47203729699994,-47150.07559253166
35,35,36.421264844000106,-47466.1999415514
36,36,37.5999840210001,-47255.78255107693
37,37,38.50348059500009,-47487.34020288389
38,38,39.58894458599994,-47106.42512414956
39,39,40.56515261500003,-47459.318681498095
40,40,41.59461877000006,-47284.95425728805
41,41,42.735032119000095,-47341.065300543945
42,42,43.87959408299997,-47270.40082409832
43,43,44.792396800999995,-47265.866852149826
44,44,45.68290012699994,-47275.27349642567
45,45,46.630093524000145,-47331.66094002005
46,46,47.6401112530001,-47383.95915810964
47,47,48.73313978100009,-47278.28678690153
48,48,49.890725128000135,-47133.87596565429
49,49,50.89874554600008,-47364.08388721627
50,50,51.76822966399998,-47274.87749608501
51,51,52.727728649999946,-47342.749673627666
52,52,53.890058656000065,-47497.45523262806
53,53,54.87113614600012,-47246.5489589083
54,54,55.839148065000074,-47345.196583862
55,55,56.686126044000034,-47053.96214475814
56,56,57.67080378099997,-47387.802314349305
57,57,58.86079127599997,-47209.02677644461
58,58,59.92923910200014,-47504.96731884095
59,59,60.81932659900002,-47240.20611806166
60,60,61.927463933000105,-47337.67454292616
61,61,62.89722054999997,-47308.167289474186
62,62,64.12086147699993,-47268.605985387694
63,63,65.077945297,-47379.791961283365
64,64,66.04182341800002,-47287.09789120583
65,65,67.02902094900003,-47270.175454435164
66,66,68.17725325200009,-47140.0376763198
67,67,69.12758144500013,-47241.400033444035
68,68,70.13321352500003,-47578.40914380369
69,69,71.07837133600005,-47267.184571898724
70,70,72.13697957700002,-47262.74236218456
71,71,73.18989018600016,-47446.971100799
72,72,74.0531143110001,-47184.67755414088
73,73,75.02874772300012,-47135.63619137049
74,74,76.06070111500006,-47213.711087672586
75,75,77.14538187799998,-47141.10129127099
76,76,78.00973658000002,-47049.78271232716
77,77,78.8649741,-47093.703183545986
78,78,79.92057907500002,-47282.6440270818
79,79,80.90399965999997,-47250.23783090504
80,80,81.99491262200009,-47285.002597048326
81,81,82.88296841099998,-47131.08200412969
82,82,83.74129600900015,-47419.614558597656
83,83,84.67676581800008,-47309.23666179259
84,84,85.90230811600014,-47166.586051265585
85,85,86.87323176300013,-47187.25027151586
86,86,87.93182310299994,-47379.71087865245
87,87,89.00843064299994,-47134.945494959145
88,88,89.90499466900015,-47152.539566855245
89,89,90.93689484199999,-47294.32683582587
90,90,91.94400805200007,-47184.696598127586
91,91,92.97933912000013,-47031.59674729246
92,92,93.9168206160001,-47384.92377215926
93,93,94.86861156899994,-47175.66742196045
94,94,96.00898868399999,-47174.36800104867
95,95,97.05203781899996,-47180.417392323114
96,96,98.077274705,-47209.1066209211
97,97,99.06260314400005,-47197.062927111045
98,98,100.08483725999994,-47217.285134008314
99,99,101.03532147200009,-47198.596393567015
100,100,102.01486190999998,-47203.62617336099
101,101,103.17544745700015,-47318.96871463631
102,102,104.19140966100012,-47169.42188536469
103,103,105.031115583,-47261.26852022578
104,104,106.129247401,-47202.65955282481
105,105,107.07678358000004,-47271.28622987828
106,106,107.89251953699998,-47225.400082858585
107,107,108.88893740499998,-47178.38297647585
108,108,109.85745067699999,-47317.12893088312
109,109,110.87476691700006,-47071.4935711889
110,110,111.8579622810001,-47376.84141629766
111,111,112.741502477,-47231.854022884945
112,112,113.85678875100007,-47312.759596801756
113,113,114.8718925030001,-47308.77633383289
114,114,115.86131299400003,-47180.31217766171
115,115,116.93926994900009,-47406.54585443223
116,116,118.10544773300015,-47118.98121565044
117,117,119.06493481800007,-47036.067031355975
118,118,119.926349406,-47372.701504322715
119,119,120.86201081300014,-47137.75203367233
120,120,121.82874460700015,-47210.21700781739
121,121,123.00806335299998,-47371.227413153916
122,122,123.95944532199995,-47300.27312120574
123,123,124.98245718999999,-47301.644709854
124,124,125.91107374100015,-47328.58536707762
125,125,126.95193393200007,-47208.85290785782
126,126,127.97085608800012,-47450.20545483939
127,127,129.1104165370001,-47141.65274464983
128,128,130.01319053500006,-47299.216199283546
129,129,131.00923879600015,-47376.94912821222
130,130,132.0074575740001,-47206.90874284805
131,131,133.03698396400014,-47299.07117646358
132,132,134.21013314300006,-47099.56646435225
133,133,135.10107420699998,-47203.88884074566
134,134,136.005004495,-47138.24286374167
135,135,136.91426182400016,-47114.654111017175
136,136,137.91371277400012,-47310.90748399493
137,137,138.89475391900004,-47315.18586442657
138,138,139.8291136390001,-47077.29360433873
139,139,140.74257809800002,-47152.26171362308
140,140,141.75734265300002,-47176.89505344551
141,141,142.9590845900001,-47321.07997522661
142,142,143.89552554100007,-47431.70531624597
143,143,144.95390336300014,-47174.71553812679
144,144,146.0545067400001,-47570.335327315355
145,145,147.01485873900003,-47314.752530219186
146,146,148.01333122900013,-47303.16490823329
147,147,148.94180915899994,-47300.74478117678
148,148,150.0256712750001,-47151.61073977716
149,149,150.9622241460001,-47318.135199493416
150,150,151.9060646230001,-47309.33651715224
151,151,153.05636401899997,-47163.736282900616
152,152,154.08275349100003,-47236.98733284535
153,153,155.07956383799996,-47285.84277390875
154,154,156.00031858199998,-47349.02511544705
155,155,156.92856499999994,-47303.81847340857
156,156,157.87053248400008,-47247.18610023619
157,157,158.93538182100002,-47064.75508212265
158,158,159.81714779700013,-47452.32731708555
159,159,160.73319480299998,-47279.65497869085
160,160,161.8304398980001,-47463.24530384257
161,161,162.76557273400016,-47377.82080796034
162,162,163.9227353680001,-47279.990433069215
163,163,164.84735842099997,-47268.780703608965
164,164,165.85137471500016,-47170.47720509223
165,165,166.77108419000007,-47293.08246951686
166,166,167.81383947300003,-47186.66659846247
167,167,168.90991501600016,-47202.512835813824
168,168,170.05719108500006,-47276.793572392286
169,169,171.28957995000016,-47379.138085702594
170,170,172.40699443399998,-47229.19801767778
171,171,173.45711230399996,-47291.531742531166
172,172,174.53138020300003,-47309.15303002947
173,173,175.76015560299996,-47292.988861689366
174,174,176.8612693050001,-47290.71295078994
175,175,177.9406589560001,-47307.055674738986
176,176,179.12277534099994,-47175.06649243133
177,177,180.22433794900007,-47312.4331610627
178,178,181.33334347800002,-47368.38588535374
179,179,182.43321620200015,-47308.8391003141
180,180,183.56933532000008,-47056.37395455142
181,181,184.65634385200008,-47197.15159019524
182,182,185.88674293900002,-47279.31763519771
183,183,187.04246457700012,-47266.209816101364
184,184,188.18951671699995,-47297.1576200171
185,185,189.40265780399997,-47073.472811528394
186,186,190.53847957800002,-47296.95110138564
187,187,191.65346473999998,-47185.668217218816
188,188,192.9252914740001,-47104.28967694843
189,189,193.91381371599994,-47196.90657862918
190,190,195.04307661400014,-47140.60840547932
191,191,196.19793254199996,-47171.625793364365
192,192,197.24451167699996,-47174.296625690455
193,193,198.57014508199995,-47261.68881575613
194,194,199.72339339100012,-47309.55193689582
195,195,200.91200808700012,-47222.922168202545
196,196,202.2489914500001,-47137.34236031279
197,197,203.41996554500005,-47070.49180263892
198,198,204.66865876000003,-47080.0464057919
199,199,205.71366517499996,-47146.937907332256
200,200,206.65644293200015,-47485.71093482865
201,201,207.788453677,-47499.68099815552
202,202,208.91187847699993,-46956.76973981511
203,203,209.99183456899993,-47106.53770622456
204,204,211.11474402600015,-47163.586057662986
205,205,212.10561926700012,-47344.6746297154
206,206,213.29783412900008,-47236.92067150915
207,207,214.30878508900014,-47245.95440320774
208,208,215.51429726599994,-47354.88601104714
209,209,216.53737978900014,-47161.12034200465
210,210,217.54498662200012,-47317.41864963313
211,211,218.67510850800016,-47071.99879705693
212,212,219.76932771800017,-47243.768943892836
213,213,221.02782827399997,-47269.063908832526
214,214,222.20203596900006,-47057.78092371911
215,215,223.21596208800003,-47108.44585847727
216,216,224.30428408499992,-47216.25148573728
217,217,225.39836865600012,-47406.74337874635
218,218,226.44458484299994,-47360.798872196305
219,219,227.63692482200008,-47283.66658246665
220,220,228.671600841,-47289.53437174305
221,221,229.95639445000003,-47388.71580324269
222,222,231.04761950000002,-47240.40865701832
223,223,232.02208782500006,-47375.30871227175
224,224,233.15831301699998,-47451.1387705942
225,225,234.29606827199996,-47231.82778973443
226,226,235.4567848710001,-46968.36088745418
227,227,236.52049014200014,-47254.78694262241
228,228,237.58748788299994,-47371.6945143021
229,229,238.661529265,-47397.60259207345
230,230,239.9164266260001,-47326.567651398655
231,231,240.96327391700004,-47169.56722647485
232,232,242.10769773499993,-47231.957364367474
233,233,243.14292423,-47127.5562358774
234,234,244.1219850000001,-47296.410122894486
235,235,245.2690472880001,-47160.55173254809
236,236,246.32331334300014,-47197.54348445911
237,237,247.30595812800016,-47220.78514320939
238,238,248.46486982300016,-47361.91105372088
239,239,249.57185020900005,-47395.61759482424
240,240,250.73990797100006,-47276.85775502001
241,241,251.87408834100003,-47377.37707636838
242,242,253.10698842900013,-47285.10304286081
243,243,254.26474835600004,-47293.714008756186
244,244,255.358912886,-47308.43349187909
245,245,256.463047456,-47315.505600054305
246,246,257.678118699,-47362.09196599228
247,247,258.7808932159999,-47174.50427354379
248,248,259.75223239,-47234.21894504772
249,249,260.7469236250001,-47168.772634082
250,250,261.81670830200005,-47074.13025802899
251,251,263.022631877,-47091.13953860391
252,252,264.11455007999996,-47183.16248656866
253,253,265.19085236300015,-47431.00095184741
254,254,266.3939511220001,-47288.272064236626
255,255,267.5201589530001,-47085.95370277881
256,256,268.64634016699995,-47219.11114817683
257,257,269.77572140499996,-47242.75276417969
258,258,270.86367264600005,-47210.26883609522
259,259,271.96268210300013,-47247.12664161818
260,260,273.16922002999996,-47141.162711494835
261,261,274.23838506,-47194.949378313526
262,262,275.261801647,-47314.48071342504
263,263,276.39395866300003,-47349.604029703456
264,264,277.5174582180001,-46944.52276072283
265,265,278.8017861230001,-47338.52272501782
266,266,279.933474188,-47160.665807117046
267,267,281.04678200400014,-47256.366818891176
268,268,282.4485924200001,-47358.24803245224
269,269,283.527463646,-46877.36536961947
270,270,284.573157961,-47139.00005349872
271,271,285.75626673000005,-47267.85190021159
272,272,286.903417564,-47280.25004843354
273,273,287.943456308,-47137.81845637189
274,274,288.99359131900013,-47099.192425309855
275,275,290.2787935000001,-47282.72560206302
276,276,291.14070157300006,-47137.11213145857
277,277,292.25785138699996,-47239.2498909171
278,278,293.43236056399996,-47165.57888968936
279,279,294.831796477,-47251.592396951026
280,280,295.88283505999993,-47203.7373140701
281,281,297.07806576200016,-47319.06336920394
282,282,298.16379161199995,-47308.27882994202
283,283,299.35586656600003,-47323.584031832266
284,284,300.38881401700013,-47231.02286076112
285,285,301.4706448240001,-47264.809854724255
286,286,302.52072595200013,-47158.35458002427
287,287,303.68009396900004,-47121.74103760255
288,288,304.8617029840001,-47361.95777014635
289,289,306.01226643100006,-47080.062867358945
290,290,307.24515020100006,-47238.22846676066
291,291,308.50405871300006,-47069.3318525336
292,292,309.576762202,-47300.21365620799
293,293,310.7673428520001,-47476.727777788576
294,294,311.8627318200001,-47360.520571327164
295,295,313.2305490630001,-47305.978390480814
296,296,314.39122890500005,-47259.27547608937
297,297,315.48257587800015,-47237.726038902336
298,298,316.712745477,-47190.76182416581
299,299,317.99634689399994,-47065.06830005962
300,300,319.2123881000001,-47384.57728974166
301,301,320.50873260400004,-47294.206001726416
302,302,321.73732837,-47061.83612753825
303,303,322.90433331599996,-47079.88644397381
304,304,324.34367116799996,-47386.80218162204
305,305,325.514565618,-47270.19875755938
306,306,326.66004287600003,-47169.83534989779
307,307,327.75931834600004,-47243.419017950684
308,308,329.1773079580001,-47411.54387794186
309,309,330.36365769,-47208.526462716894
310,310,331.3845483880001,-47200.431796558165
311,311,332.60870967100004,-47444.36071573777
312,312,334.0537842250001,-47193.40777391537
313,313,335.2568955080002,-47276.83697026066
314,314,336.50503960700007,-47311.88949555467
315,315,337.677734371,-47052.39898523508
316,316,339.1753211060001,-47350.90340418782
317,317,340.321682767,-47160.74281328361
318,318,341.581197131,-47160.306059375675
319,319,342.8539607299999,-47341.90859450052
320,320,343.9569956110001,-47319.9090908749
321,321,345.09326258999994,-47236.324770731466
322,322,346.28569472400005,-47194.96906004005
323,323,347.61666244500014,-47346.507540498205
324,324,348.70776260400004,-47365.9011712715
325,325,350.0886157180001,-47299.3736868658
326,326,351.41624777800007,-47301.607222698076
327,327,352.687851459,-47203.22453538563
328,328,353.8479584540001,-47285.23702209948
329,329,354.926732785,-47298.36019749458
330,330,356.16262448,-47251.029723927735
331,331,357.271968506,-47272.60588802937
332,332,358.44295601600015,-47203.08508999782
333,333,359.746897872,-47181.73914972066
334,334,360.91335592,-47389.57619876477
335,335,362.1880893590001,-47094.52072905348
336,336,363.38574026799995,-47330.84516860671
337,337,364.60052142999996,-47177.6038030035
338,338,365.8126207910001,-47314.40719264244
339,339,367.0531255710002,-47331.692345160154
340,340,368.202255134,-47273.44550327149
341,341,369.383257641,-47139.663308783456
342,342,370.805822038,-47316.497854271634
343,343,372.028022689,-47376.800533135145
344,344,373.22469420400006,-47436.59153566865
345,345,374.4114503280001,-47382.179743992776
346,346,375.62868783299996,-47385.37220431022
347,347,376.78134380499995,-47188.36502083142
348,348,378.1900531260001,-47350.46655676313
349,349,379.4079310010001,-47285.22949997694
350,350,380.5484914190001,-47319.099086129805
351,351,381.810376401,-47211.98587647659
352,352,382.88840373000016,-47260.38974767577
353,353,384.12319932599996,-47204.540358211554
354,354,385.2802138110001,-47435.937537770566
355,355,386.71996950300013,-47177.74367570522
356,356,387.911943189,-47431.77785384967
357,357,389.21306647800003,-47237.24518670026
358,358,390.35495421500013,-47487.090258098084
359,359,391.52685235900015,-47111.89080796345
360,360,392.72252228199994,-47141.33320682599
361,361,394.111394566,-47353.40153411943
362,362,395.2593797240001,-47270.84565671103
363,363,396.4306109440001,-47211.22507809273
364,364,397.72662494800005,-47071.68733198604
365,365,399.10499146499996,-47065.91459863467
366,366,400.234945056,-47533.40176958457
367,367,401.47210206299997,-47011.50223214988
368,368,402.8343718040001,-47301.062708778365
369,369,403.96242632900015,-47276.37704173125
370,370,405.10969912,-47226.471736112304
371,371,406.46155691600006,-47237.388061883394
372,372,407.743837486,-47186.83274060111
373,373,409.0224272410001,-47169.74957014167
374,374,410.482505783,-47310.83541612993
375,375,411.65410990400005,-47195.96630517829
376,376,412.91171393100007,-47254.90448619594
377,377,414.2333662650001,-47157.095107166395
378,378,415.4753056419999,-47367.507183720016
379,379,416.75715129099996,-46964.96305108186
380,380,417.85650499600007,-47069.19367229382
381,381,419.17048425900003,-47423.81742402677
382,382,420.22810833700004,-47057.25575145237
383,383,421.5750797880001,-47153.38207607888
384,384,422.7679733180001,-47263.047083284706
385,385,423.97433938100005,-47288.56735950961
386,386,425.225872345,-47339.696262945974
387,387,426.3693138379999,-47306.51862191593
388,388,427.69049325200007,-47266.566751495404
389,389,428.8480574440002,-47267.83202905788
390,390,430.22406735799996,-47312.70477896974
391,391,431.54996815700014,-47321.604822906804
392,392,432.6654490080001,-47257.81254063037
393,393,433.8315053650001,-47295.71339022103
394,394,435.28349161599994,-47334.205354781996
395,395,436.50401000500005,-47349.23263423933
396,396,437.65083688700014,-47177.79484151825
397,397,438.866312953,-47232.49032506061
398,398,440.1559160170001,-47203.06272871196
399,399,441.4169074039999,-47134.52862186334
400,400,442.52250277000013,-47225.08553429817
401,401,443.715817179,-47336.54729581547
402,402,445.0073652590001,-47270.06792763032
403,403,446.13396216699994,-46990.3500850836
404,404,447.2885500410001,-47238.62428245968
405,405,448.48477364300004,-47236.44448612076
406,406,449.88010701199994,-47206.115050253095
407,407,451.0414962170001,-47228.19073178064
408,408,452.164075311,-47366.44534188663
409,409,453.32569366999996,-47435.580556807035
410,410,454.518991558,-47313.591361787185
411,411,455.79564798999996,-47089.002878201965
412,412,456.96382970699995,-47247.86400350511
413,413,458.15569651499993,-47112.89273964897
414,414,459.38025489800003,-47116.049964129765
415,415,460.540390874,-47262.30436626967
416,416,461.7557259180001,-47264.45202972933
417,417,462.93416718799995,-47316.33260733538
418,418,464.20120935499995,-47346.97478437791
419,419,465.384980305,-47429.95682782633
420,420,466.65070200100007,-47226.711358430286
421,421,467.911842036,-47247.07700437109
422,422,469.03578610599993,-47264.60816552917
423,423,470.3234061,-47238.374969466066
424,424,471.55007697600007,-47561.5021139425
425,425,472.82983741699996,-47150.46119711313
426,426,473.94507420299993,-47294.79557229805
427,427,475.068777828,-47295.640861871136
428,428,476.2574550370001,-47332.90750496298
429,429,477.4763359159999,-47280.634819988365
430,430,478.818446854,-47096.10374388505
431,431,480.05803821200016,-47273.02259000963
432,432,481.45816081400005,-47119.509595199976
433,433,482.66006912600017,-47269.57283716557
434,434,483.97938627799994,-47273.46100792527
435,435,485.20769250300015,-47369.172815119135
436,436,486.3368367389999,-47257.734964247495
437,437,487.6044884240001,-47231.48325645707
438,438,488.7421870320002,-47238.97053529437
439,439,490.20549944199996,-47341.70747928632
440,440,491.50255625399996,-47103.75326480448
441,441,492.64810357300007,-47214.59623345775
442,442,493.90536774000014,-47376.47637467287
443,443,495.33191185300007,-47222.7962211923
444,444,496.51325900400013,-47302.1314784494
445,445,497.74290342899997,-47345.169401297586
446,446,498.89683787099995,-47154.355317076326
447,447,500.0554626760001,-47068.99557699982
448,448,501.16303863900015,-47273.315855272915
449,449,502.49641020200005,-47349.033839844895
450,450,503.7982609010001,-47552.368646722774
451,451,505.0064435100001,-47384.677716534825
452,452,506.4312010240001,-47420.48207480156
453,453,507.65614641200006,-47235.90518248154
454,454,508.86657241300003,-47344.77670529874
455,455,509.980924812,-47439.174669607586
456,456,511.2977237879999,-47211.487703868435
457,457,512.488686915,-47226.43513114592
458,458,513.584742608,-47211.45677949665
459,459,514.7407665659999,-47122.88340057308
460,460,515.8475643009999,-47182.004062223976
461,461,517.1380255480001,-47124.71965652514
462,462,518.3677594980002,-47222.46640737557
463,463,519.5227712550001,-47299.14540079569
464,464,520.8930970580001,-47381.97955258029
465,465,522.055952788,-47023.20958880669
466,466,523.468471728,-47278.570747933794
467,467,524.7596259900001,-47134.67923919314
468,468,525.93350785,-47390.815063875685
469,469,527.168064801,-47203.030902527345
470,470,528.379822495,-47265.721755126295
471,471,529.5402076660001,-47173.57647592105
472,472,530.648213495,-47398.64455204577
473,473,531.958584763,-47108.89915717314
474,474,533.343139494,-47216.2901202992
475,475,534.518446489,-47235.06897872387
476,476,535.7234260390001,-47240.32851384438
477,477,536.99013742,-47319.01479154484
478,478,538.266935047,-47139.1320091214
479,479,539.4224883960001,-47260.00507267073
480,480,540.6963223310001,-47350.827613650574
481,481,541.8681462670002,-47311.52237775709
482,482,543.213960061,-47159.97959491414
483,483,544.3446761199999,-47325.16279313037
484,484,545.479627398,-47355.25946751781
485,485,546.6457775880001,-47298.64022666391
486,486,547.6926992939999,-47564.25881518824
487,487,549.037605435,-47343.80268639846
488,488,550.239200801,-47079.12337115638
489,489,551.29240035,-47310.70263253691
490,490,552.624398055,-47226.933123257164
491,491,553.8804884000001,-47576.202287573215
492,492,555.1051470860001,-47401.38438158333
493,493,556.1914508810002,-47227.33206032145
494,494,557.5189337290002,-47280.569255891365
495,495,558.7262464280001,-47188.03839991151
496,496,559.981199482,-47224.87887748974
497,497,561.449638519,-47115.77222498
498,498,562.615593925,-47222.097371683965
499,499,563.7353976060001,-47225.41875992733
500,500,564.982634423,-47021.32934804935
501,501,566.192937926,-47152.33725637902
502,502,567.407932181,-47312.6468890189
503,503,568.4839895610002,-47276.71578478803
504,504,569.777175942,-47382.37626743056
505,505,571.016158232,-47233.138150064624
506,506,572.430395278,-47348.44806251913
507,507,573.7901451890001,-47122.51133166189
508,508,575.011613413,-47276.20090256677
509,509,576.201486853,-47240.331345054794
510,510,577.5512609010001,-47252.53190814777
511,511,578.780744313,-47242.25398471091
512,512,580.0618551179999,-47231.04460091963
513,513,581.1882407530002,-47206.553531603524
514,514,582.7143431810001,-47225.30704750332
515,515,584.0412583360002,-47241.78172587367
516,516,585.685066211,-47389.35421028273
517,517,586.930849629,-47433.698570203254
518,518,588.150315248,-47238.68554340537
519,519,589.5979505509999,-47461.73264375491
520,520,591.006696554,-47161.48153536053
521,521,592.282097443,-47143.163867888856
522,522,593.573693098,-47175.82762170051
523,523,594.9808654180001,-47176.56646167628
524,524,596.0525995460001,-47130.52941595413
525,525,597.1851062300001,-47389.708063034974
526,526,598.38918536,-47282.6004027238
527,527,599.676228762,-47251.70995303952
528,528,601.0038999149999,-47378.60370302815
529,529,602.2142757330001,-47262.70301358169
530,530,603.493139649,-47363.8581605448
531,531,604.6086698990001,-47186.71346782532
532,532,605.8605643279999,-47308.52922359486
533,533,607.1642011140001,-47163.776731785874
534,534,608.257432094,-47261.71063276062
535,535,609.4767846999999,-47276.32273321853
536,536,610.726653799,-47133.30748237176
537,537,612.0864384030001,-47055.10032362872
538,538,613.3287517600002,-47286.80833411111
539,539,614.5485941030001,-47277.258781574885
540,540,615.7884225990001,-47338.16657961857
541,541,617.1807687969999,-47213.624173102624
542,542,618.379465226,-47382.16499621915
543,543,619.549982962,-47355.857694306455
544,544,620.8842519,-47186.73477020105
545,545,622.0800393130002,-47285.97383890698
546,546,623.214140592,-47309.7358201137
547,547,624.473955972,-47179.64142019074
548,548,625.725200495,-47318.740214156314
549,549,627.151266054,-47141.304348875645
550,550,628.4331277120002,-47376.47565598757
551,551,629.663815066,-47248.867204161186
552,552,630.9641438870002,-46919.76639943481
553,553,632.0842797070002,-47142.60414511486
554,554,633.4373500930001,-47396.60731517506
555,555,634.542367808,-47450.614092256044
556,556,635.701081583,-47183.88558869437
557,557,636.8304513139999,-47250.16596561435
558,558,638.1199728340001,-47288.96343921499
559,559,639.3389170620002,-47415.695356087526
560,560,640.5422147620002,-47196.65905461642
561,561,642.000703766,-47503.167753604765
562,562,643.0429706860001,-47341.22559457855
563,563,644.2488338580001,-47339.46252783045
564,564,645.417409582,-47324.64585567541
565,565,646.5612731650001,-47210.93174137878
566,566,647.808183552,-47074.32665797678
567,567,649.24276027,-47251.3547940554
568,568,650.5861751940001,-47134.33544090104
569,569,651.796892126,-47257.10125919811
570,570,653.09846524,-47123.547087083745
571,571,654.3449052500001,-47272.94965291809
572,572,655.60279945,-47419.77210722134
573,573,656.7389564750001,-47222.00964095985
574,574,657.9788015670001,-47122.028405524245
575,575,659.355021467,-47450.68999916224
576,576,660.588150538,-47225.73322610804
577,577,661.84489845,-47222.805133506314
578,578,663.1358801570002,-47240.041785745074
579,579,664.522381323,-47314.54688934674
580,580,665.647462061,-47112.809435407566
581,581,666.756331401,-47177.04183094858
582,582,667.844427711,-47001.8235800419
583,583,669.005553145,-47487.787689530945
584,584,670.3324886,-47206.38352196252
585,585,671.4977788690001,-47198.19285932481
586,586,672.7009950370002,-47160.05977020406
587,587,673.929526492,-47358.53057156433
588,588,675.1165927600001,-47455.71439784494
589,589,676.463836754,-47291.29277548845
590,590,677.542890939,-47097.51790170939
591,591,678.5744062169999,-47223.10863628537
592,592,679.7274921320002,-47249.00409593828
593,593,680.907536572,-47224.53782051254
594,594,682.2744585860002,-47214.40484903617
595,595,683.414600199,-47269.88433371079
596,596,684.6392580099999,-47329.954103661395
597,597,685.887862376,-47330.262964899106
598,598,687.2055600900001,-47213.35426132408
599,599,688.3915192530002,-47356.282420318996
600,600,689.577360791,-47367.24555815425
601,601,690.742496817,-47124.60727031159
602,602,692.198454279,-47198.23823838923
603,603,693.352145086,-47184.085304639826
604,604,694.5414636320002,-47337.9811753111
605,605,695.6711691779999,-47221.75212929298
606,606,696.8473989230001,-47357.56389039027
607,607,698.191922305,-47029.17723981672
608,608,699.4815218180001,-47310.46476784522
609,609,700.6513488630001,-47393.981900807696
610,610,701.8770253409999,-47135.52362653481
611,611,703.2474734110001,-47209.1379459731
612,612,704.5323782550001,-47201.50878393033
613,613,705.6885251269999,-47142.112990049696
614,614,706.8875410220002,-47207.39077099799
615,615,708.240095282,-47267.630310539615
616,616,709.3182772480001,-47241.21298831131
617,617,710.472640996,-47021.88747033625
618,618,711.449972451,-47304.28307863929
619,619,712.7983862710001,-47206.407564416084
620,620,713.929410781,-47167.8315954077
621,621,715.014011407,-47200.180950079
622,622,716.4245453340002,-47196.81405810207
623,623,717.598973304,-47201.25401920853
624,624,718.85608789,-47314.83394324674
625,625,720.139379627,-47230.758822792086
626,626,721.4799597500001,-47128.9101504018
627,627,722.6502649749999,-47236.09858186123
628,628,724.073695359,-47182.852142560725
629,629,725.296608803,-47356.586128694806
630,630,726.4286214650001,-47019.929486208115
631,631,727.52410468,-47062.31249360663
632,632,728.7417078909999,-47107.51751032374
633,633,730.0366210060001,-47496.19745977138
634,634,731.249223434,-47357.90830673758
635,635,732.429723554,-47316.88747806793
636,636,733.7962057650001,-47426.53829405518
637,637,735.225613046,-47098.451257742716
638,638,736.3785827190001,-47237.79266776854
639,639,737.6177690620001,-47248.899237155114
640,640,738.751519698,-47363.24703068459
641,641,740.054056871,-47116.51686607254
642,642,741.14703375,-47346.71613584481
643,643,742.4706444699999,-47332.350979118055
644,644,743.6929053750001,-47348.483612952914
645,645,744.9117379990001,-47220.91035265388
646,646,746.218629371,-47052.6968254806
647,647,747.4013079260001,-47260.11765140591
648,648,748.503695791,-47276.96918877338
649,649,749.9459063639999,-47110.113914376816
650,650,751.182631674,-47078.855047021905
651,651,752.3893298649999,-47316.33190011705
652,652,753.575205484,-47283.61654077854
653,653,754.7981661809999,-47286.09088696298
654,654,756.026255623,-47366.10122184719
655,655,757.025867017,-47104.31128990136
656,656,758.335680306,-47273.777070362696
657,657,759.592645386,-47076.69079917542
658,658,760.8612175060001,-47175.410319643765
659,659,762.0361357540002,-47207.10299097997
660,660,763.402842891,-47333.97946876473
661,661,764.514054031,-47304.08228341026
662,662,765.648180162,-47176.81975831504
663,663,766.8865839160001,-47486.96431258736
664,664,768.220067737,-47105.85991235197
665,665,769.4131594410001,-47457.64954701349
666,666,770.680391918,-47334.18760543984
667,667,771.7887760420001,-47330.21001867706
668,668,773.072727015,-47271.49303727474
669,669,774.4046567550001,-47260.242472017424
670,670,775.6475841660001,-47207.48056526808
671,671,776.7684115850001,-47359.973950224245
672,672,778.0849392030002,-47191.17611289109
673,673,779.2561685600001,-47259.77073726429
674,674,780.617029124,-47382.18306410607
675,675,781.8100054339999,-47285.32124846216
676,676,782.9821741540002,-47319.77405119372
677,677,784.298712055,-47217.13239854182
678,678,785.4236610030001,-47341.1257731981
679,679,786.6570732210001,-47097.098290049005
680,680,787.7453093290001,-47125.21902648911
681,681,789.084926731,-47131.3512407856
682,682,790.4182554640001,-47175.79633613422
683,683,791.821354091,-47403.96022040411
684,684,793.0735969490001,-47227.86831936203
685,685,794.61338635,-47144.86505738838
686,686,795.888554604,-47404.81279996639
687,687,797.1300094940001,-47402.62199856459
688,688,798.30868163,-47305.696542768215
689,689,799.757616715,-47173.556962369636
690,690,800.9285451330001,-47284.38860571488
691,691,801.9709154990001,-47227.91702105274
692,692,803.1197425019999,-47308.67638304252
693,693,804.510565617,-47288.79970712024
694,694,805.7342381830001,-47199.45153574456
695,695,806.8970949989999,-47145.78730742522
696,696,808.0715396730001,-47199.95580197446
697,697,809.468738839,-47253.19970379366
698,698,810.6378525090001,-47195.009272311596
699,699,811.773716676,-47329.45327263577
700,700,812.9171299000001,-47346.94774036951
701,701,814.3274166699999,-47271.18344108748
702,702,815.4343966570001,-47273.44398776543
703,703,816.5153528440001,-47264.304723474466
704,704,817.788195232,-47083.22202700486
705,705,819.004931947,-47191.31121225504
706,706,820.313507102,-47166.68720581774
707,707,821.529454929,-47216.18761358553
708,708,822.7533782300002,-47420.11353710898
709,709,823.9431892059999,-47279.151708259866
710,710,825.2133615250001,-47305.30691504218
711,711,826.3006736660001,-47246.986048805025
712,712,827.459862464,-47292.53395922146
713,713,828.708730132,-47225.6603978636
714,714,830.281579837,-47086.86704328005
715,715,831.490059166,-47270.762142009444
716,716,832.722136952,-47220.64543874208
717,717,833.904252898,-47260.72958347294
718,718,835.037625702,-47284.62210975302
719,719,836.4379650300001,-47309.268620602605
720,720,837.705257703,-47245.32358967658
721,721,838.9326647119999,-47221.04728830891
722,722,840.32270095,-47389.04477009008
723,723,841.4758947360001,-47204.76048408391
724,724,842.689854694,-47174.566324949556
725,725,843.92714083,-47293.90961102206
726,726,845.2070348070001,-47410.81882352191
727,727,846.556351611,-47308.27769117707
728,728,847.786069647,-47206.168218919905
729,729,849.1613288829999,-47351.30681408172
730,730,850.4238206180001,-47310.471480199194
731,731,851.8411252620001,-47209.50260902767
732,732,853.1005772760001,-47255.79752934555
733,733,854.5653213889999,-47421.689690794214
734,734,855.822893927,-47104.43771525158
735,735,857.1255923910002,-47098.82575603774
736,736,858.4213370110001,-47317.464965829175
737,737,859.486324069,-47142.308061622585
738,738,860.650852009,-47416.514377494255
739,739,861.8159149859999,-47298.706527375005
740,740,863.203289818,-47039.10523321496
741,741,864.347378608,-47067.18218321578
742,742,865.5396999210001,-47309.121611056195
743,743,866.715943195,-47524.07582689696
744,744,867.976142427,-47499.00234601217
745,745,869.285972237,-47190.61526904054
746,746,870.5608881900001,-47326.2398316529
747,747,871.809803761,-47349.24766944288
748,748,873.176028015,-47299.006775865804
749,749,874.3355752240001,-47242.81079896829
750,750,875.773211073,-47223.31379247497
751,751,876.914865618,-47268.445620074
752,752,878.1373541270001,-47151.62492801715
753,753,879.3820954120001,-47144.73448260012
754,754,880.619178143,-47117.60073453726
755,755,881.9569546430001,-47291.05508769403
756,756,883.091550022,-47159.63283404636
757,757,884.260720097,-47076.61667873501
758,758,885.559400196,-47126.9004862979
759,759,886.9893601230001,-47132.192626202916
760,760,888.2357582730001,-47283.53731668162
761,761,889.35688941,-47223.84861241025
762,762,890.5210216950002,-47252.17886716529
763,763,891.952404721,-47272.24262061401
764,764,893.2225441940001,-47095.5542242811
765,765,894.391668687,-47295.07502930559
766,766,895.4486366980001,-47322.424178109526
767,767,896.618886403,-47036.11440627564
768,768,898.0559276400002,-47147.65836425175
769,769,899.292780253,-47169.146740861004
770,770,900.685487948,-47167.57828464644
771,771,902.025895134,-47326.84357169457
772,772,903.3755450550001,-47334.37869873647
773,773,904.4867337100001,-47283.73282152815
774,774,905.725359126,-47258.85251273845
775,775,906.951776731,-47279.755471532415
776,776,908.3103513259999,-47292.360163529
777,777,909.4294012299999,-47114.179977334636
778,778,910.617063795,-47271.628447768526
779,779,911.8138839100001,-47226.571687489726
780,780,912.8943130600001,-47253.84670729927
781,781,914.2249165050001,-47362.87643327189
782,782,915.395481749,-47199.50807263589
783,783,916.7282121300001,-47299.481637682205
784,784,917.96420922,-47302.58978580538
785,785,919.1893490210001,-47333.97819528536
786,786,920.464503916,-47366.82339654528
787,787,921.6091372460002,-47089.47772417064
788,788,922.947202636,-47199.19994230998
789,789,924.1475098300001,-47292.75935246645
790,790,925.3461540620001,-47187.411824372386
791,791,926.548795988,-47074.53653620529
792,792,927.937676648,-47301.65007856833
793,793,929.05607345,-47264.613203714405
794,794,930.314260363,-47089.235810319034
795,795,931.4661800590002,-47230.01029170244
796,796,932.726357544,-47370.703907148614
797,797,934.0026025700001,-47233.20558774604
798,798,935.152830593,-47308.03100904456
799,799,936.514710107,-47208.358304441
800,800,937.6595512380002,-47256.692350768695
801,801,938.895887603,-47293.652093624936
802,802,940.160457475,-47161.13691033516
803,803,941.3181656899999,-47219.664131659374
804,804,942.6967663440001,-47386.61872369573
805,805,943.881070993,-47135.36623160426
806,806,945.3299330440001,-47399.029515298025
807,807,946.61055589,-47311.08662765175
808,808,947.8559452810001,-47116.707925093186
809,809,949.021967488,-47213.41587889172
810,810,950.202291579,-47400.18842517895
811,811,951.4627733130001,-47148.80639493807
812,812,952.6145440700001,-47383.176663301325
813,813,953.9649245180001,-47176.58971342164
814,814,955.1412768980001,-47187.02698268753
815,815,956.326141784,-47278.246781971146
816,816,957.484407292,-47192.113173574544
817,817,958.634552869,-47378.33711453491
818,818,960.0239803180001,-47249.44171393818
819,819,961.318749845,-47253.2857672692
820,820,962.810554579,-47426.40125655971
821,821,964.0310133470001,-47267.10761178173
822,822,965.143786905,-47401.41828285185
823,823,966.2198146600001,-47098.847767514824
824,824,967.3697977190002,-47344.68305293324
825,825,968.673178031,-47233.777395015575
826,826,969.798939027,-47154.15183185424
827,827,971.2308431929999,-47254.37204251126
828,828,972.488952142,-47254.66119797365
829,829,973.6438684450002,-47239.12974711582
830,830,974.767399131,-47203.35728775253
831,831,975.8455279650001,-47250.84758323645
832,832,977.1603048779999,-47262.17364564152
833,833,978.220568673,-47039.95883014191
834,834,979.731049529,-47240.154558068796
835,835,980.8946860800002,-47246.47231102934
836,836,982.0330453099999,-47201.557680157704
837,837,983.1911943409999,-47436.767627321926
838,838,984.437282478,-47278.49038103501
839,839,985.7505138050001,-47152.275698874735
840,840,987.037880354,-47232.56490955794
841,841,988.5092501340001,-47381.23643649046
842,842,989.581503517,-47281.233096672644
843,843,990.789690155,-47205.63450938752
844,844,991.9873620260001,-47230.85771568141
845,845,993.1955515700001,-47179.61539460525
846,846,994.490279842,-47225.23628257689
847,847,995.627022106,-47365.58825362328
848,848,996.991640718,-47033.01814520969
849,849,998.082075771,-47301.74571982525
850,850,999.301081178,-47272.35707479957
851,851,1000.6156669439999,-47230.17060552208
852,852,1001.820203339,-47447.21718506072
853,853,1003.163496825,-47114.884073005356
854,854,1004.449463312,-47146.76553240876
855,855,1005.9305163780001,-47143.013671850546
856,856,1007.0922306780001,-47211.69759989066
857,857,1008.223666771,-47287.919062149296
858,858,1009.3579996090001,-47340.345854078354
859,859,1010.5091263580001,-47204.67097055095
860,860,1011.777114758,-47392.25142008695
861,861,1012.996711878,-47197.54622362104
862,862,1014.4757194320001,-47211.92235959842
863,863,1015.773829714,-47196.7312825751
864,864,1016.882856077,-47440.81208602061
865,865,1018.106707563,-47320.23926967641
866,866,1019.3060266360001,-47165.858629372
867,867,1020.5732981760001,-47136.83662307962
868,868,1021.647008103,-47225.62733961634
869,869,1022.9660887780001,-47456.354198244604
870,870,1024.1419112540002,-47354.017482272335
871,871,1025.2608506430001,-47214.43253994803
872,872,1026.4721176100002,-47287.80456930188
873,873,1027.5666111770001,-47212.24127889395
874,874,1028.98663038,-47200.46810060816
875,875,1030.3115462409999,-46981.47246704663
876,876,1031.785678583,-47358.15855046507
877,877,1033.0201397879998,-47195.31013353695
878,878,1034.2058361960003,-47127.258813808636
879,879,1035.3918687760001,-47349.73995638941
880,880,1036.599847438,-47374.06816572744
881,881,1037.824479254,-47331.05543111164
882,882,1038.991811286,-47259.44495937198
883,883,1040.3650057760003,-47390.04063645268
884,884,1041.5003945550002,-47291.16564578016
885,885,1042.7225730210002,-47344.61612108047
886,886,1043.8577844400002,-47279.3946729319
887,887,1045.0876922670002,-47296.749418362626
888,888,1046.385527501,-47282.63462090773
889,889,1047.5207072029998,-47270.941789154844
890,890,1048.8632593080001,-47175.70024956596
891,891,1049.918512509,-47100.2380561011
892,892,1051.1457990850001,-47278.80334557695
893,893,1052.406814867,-47305.45232112682
894,894,1053.66417516,-47260.52698672827
895,895,1054.9371240730002,-47284.42365860853
896,896,1056.0993219739998,-47220.333547527975
897,897,1057.5173786149999,-47044.54723258797
898,898,1058.7397916359998,-47303.33173002309
899,899,1059.908111048,-47348.577727677264
900,900,1060.9681391039999,-47359.04842496497
901,901,1062.1643553019999,-47374.72125948843
902,902,1063.412676383,-47316.92683246521
903,903,1064.5202033910002,-47213.82639831141
904,904,1065.830130847,-47381.68182376737
905,905,1067.116856902,-47093.14058879474
906,906,1068.2866167700001,-47160.94603469295
907,907,1069.4429351090002,-47184.0449234823
908,908,1070.6862842510002,-47280.78339197657
909,909,1071.8837017120002,-47163.34462627391
910,910,1073.0813282889999,-47297.1053763344
911,911,1074.6026989350003,-47213.6217419976
912,912,1075.672230447,-47334.98173892012
913,913,1076.8125243700001,-47173.86522397446
914,914,1077.987289428,-47116.060412453546
915,915,1079.0373047970002,-47239.56356838116
916,916,1080.4209044420002,-47438.87374397857
917,917,1081.6160065370002,-47363.794463980405
918,918,1082.991517678,-47143.087821412184
919,919,1084.2296555790003,-47315.34280598712
920,920,1085.3761826360003,-47162.0497126157
921,921,1086.440175564,-47424.537967398355
922,922,1087.5585787090004,-47339.01404442646
923,923,1088.8952398850001,-47425.455676172285
924,924,1089.955419963,-47158.948511019276
925,925,1091.32024224,-47268.816859918385
926,926,1092.445679575,-47229.57598421163
927,927,1093.6819320660002,-47422.69906568857
928,928,1094.9256194939999,-47270.55401305053
929,929,1096.0445333779999,-47236.46772305976
930,930,1097.3384060249998,-47248.3801727893
931,931,1098.53908764,-47200.1259586392
932,932,1100.1054804090002,-47417.50991714574
933,933,1101.31187696,-47163.14207902026
934,934,1102.445045657,-47064.20612106095
935,935,1103.631490109,-47340.83256878232
936,936,1104.8250061610001,-47172.37224297102
937,937,1106.2095443040002,-47246.65707879902
938,938,1107.392695411,-47273.144878738894
939,939,1108.8662681800001,-47334.29175935024
940,940,1110.131561661,-47406.07405329671
941,941,1111.3220428630002,-47361.165151548776
942,942,1112.526401258,-47283.253964774514
943,943,1113.592875341,-47140.95099464264
944,944,1114.8661804960002,-47060.813659492815
945,945,1115.940456568,-47222.542246011086
946,946,1117.424161517,-47289.66949333497
947,947,1118.600193821,-47215.060367803395
948,948,1119.776696713,-47312.83166108195
949,949,1120.903146297,-47330.29518171399
950,950,1122.119133169,-47400.67228710027
951,951,1123.4474243129998,-47296.10575840031
952,952,1124.7108285870002,-47203.8888547842
953,953,1126.149248914,-47262.20446349688
954,954,1127.275378573,-47167.73665997546
955,955,1128.461851532,-47335.72240803724
956,956,1129.641813414,-47222.863012881004
957,957,1130.814124454,-47203.426307689646
958,958,1132.0999462640002,-47293.44248073042
959,959,1133.3711310049998,-47304.16376646172
960,960,1134.7649999620003,-47198.8508992306
961,961,1135.9741276940001,-47351.67352979776
962,962,1137.201176564,-47391.54664075382
963,963,1138.45093304,-47234.65769696183
964,964,1139.624968987,-47153.556557458935
965,965,1140.8828256760003,-47142.86323983292
966,966,1142.0957933160003,-47146.90880617275
967,967,1143.533002909,-47201.15135905449
968,968,1144.7176144050002,-47167.83326143625
969,969,1145.940668662,-47326.37944266725
970,970,1147.1430935340002,-47133.36470227887
971,971,1148.20408202,-47382.7432430013
972,972,1149.5131940879999,-47328.80303407254
973,973,1150.7412959170001,-47190.13105723811
974,974,1152.179930174,-47269.911073642405
975,975,1153.42552515,-47019.21073538795
976,976,1154.636447193,-47373.61572875412
977,977,1155.866163615,-47229.14654134216
978,978,1157.178239219,-47213.30426446399
979,979,1158.4472041810002,-47261.550369986675
980,980,1159.4867823060001,-47303.844086249854
981,981,1160.7791504919999,-47103.73741137224
982,982,1161.899620672,-47253.118861979485
983,983,1163.0681682230002,-47159.825798439466
984,984,1164.155047243,-47244.177592561326
985,985,1165.3124025250004,-47353.24637764981
986,986,1166.617208306,-47270.03056872289
987,987,1167.69721898,-47418.61973637377
988,988,1169.009413115,-47300.36130291381
989,989,1170.14787781,-47214.11621718096
990,990,1171.306451473,-47130.50202717496
991,991,1172.420581879,-47275.80176737004
992,992,1173.595862393,-47263.58324728348
993,993,1174.9631537290002,-47142.15892406094
994,994,1176.169853025,-47169.25922345958
995,995,1177.658880198,-47194.35552977629
996,996,1178.9957932779998,-47302.334785761384
997,997,1180.212144282,-47418.54255351702
998,998,1181.422227647,-47170.55221007512
999,999,1182.580945022,-47357.025230070336
1000,1000,1183.9409790989998,-47330.21601780583
1001,1001,1185.0475935860002,-47261.25707712754
1002,1002,1186.4732320429998,-47063.26171442069
1003,1003,1187.5582747710002,-47323.10605892238
1004,1004,1188.513865814,-47209.90856852466
1005,1005,1189.635545452,-47191.73156659468
1006,1006,1190.805107956,-47430.63978064701
1007,1007,1192.247289732,-47376.030828584306
1008,1008,1193.4382772840002,-47196.2910713827
1009,1009,1194.846349026,-47479.12690929975
1010,1010,1196.0057135890002,-47104.593536769025
1011,1011,1197.0966459440003,-47185.7271654504
1012,1012,1198.354359605,-47265.483494165645
1013,1013,1199.610312354,-47212.64891937805
1014,1014,1200.8766097400003,-47352.940842382835
1015,1015,1201.9621929740003,-47214.514489375084
1016,1016,1203.30821502,-47203.33734970774
1017,1017,1204.562825425,-47044.52132709978
1018,1018,1205.721355012,-47033.34182361887
1019,1019,1206.9767403290002,-47025.752280967994
1020,1020,1208.168840206,-47357.70030137383
1021,1021,1209.4455522329997,-47507.9870868403
1022,1022,1210.735832992,-47011.677780399325
1023,1023,1212.224493851,-47492.8103487767
1024,1024,1213.5410642929999,-47404.11553113243
1025,1025,1214.7258844210003,-47214.87541788412
1026,1026,1215.999859605,-47252.44188057669
1027,1027,1217.2341259739999,-47342.22207139789
1028,1028,1218.4140199580002,-47378.60251053839
1029,1029,1219.6337153850002,-47378.53789964587
1030,1030,1221.136645167,-47091.43529545249
1031,1031,1222.4254090220002,-47361.963626254714
1032,1032,1223.483290898,-47155.34691785629
1033,1033,1224.659413149,-47310.62820244674
1034,1034,1225.772885236,-47180.641945657066
1035,1035,1227.0440951419998,-47162.48751259595
1036,1036,1228.107904184,-47172.7815298558
1037,1037,1229.5789439460002,-47037.14161386105
1038,1038,1230.8878190780003,-47105.842206245805
1039,1039,1232.131408006,-47062.40112951562
1040,1040,1233.2654729940002,-47150.37731143437
1041,1041,1234.523620271,-47302.4715706718
1042,1042,1235.8530529840002,-47308.035173243254
1043,1043,1237.0068625969998,-47208.5154862955
1044,1044,1238.405915828,-47281.753232228664
1045,1045,1239.642493427,-47075.516312378015
1046,1046,1240.8114284970002,-47467.27352810798
1047,1047,1241.9480043,-47450.22061735747
1048,1048,1243.1007560939997,-47314.483088980895
1049,1049,1244.4398582560002,-47375.18867140929
1050,1050,1245.803815155,-47173.10843285441
1051,1051,1247.4454824919999,-47286.896016262894
1052,1052,1248.7391247970002,-47140.92286933911
1053,1053,1250.086379977,-47245.51711707424
1054,1054,1251.311517596,-47224.375992536894
1055,1055,1252.5098561809998,-47412.43022123107
1056,1056,1253.789511833,-47279.655857062666
1057,1057,1254.8885842690001,-47279.42417268448
1058,1058,1256.3080169250002,-47284.305369486734
1059,1059,1257.596233519,-47450.01839669797
1060,1060,1258.822605544,-47038.80217877552
1061,1061,1259.9819214679999,-47279.701776565606
1062,1062,1261.0527005000004,-47325.62525382415
1063,1063,1262.476411849,-47345.89523945463
1064,1064,1263.7300867630001,-47114.927810958645
1065,1065,1265.176292062,-47194.61102958361
1066,1066,1266.3410755710001,-47340.883897201755
1067,1067,1267.5817194810002,-47157.9478205317
1068,1068,1268.9049445449998,-47233.41010315537
1069,1069,1270.130483957,-47212.20495517571
1070,1070,1271.3746142179998,-47186.20162157408
1071,1071,1272.5447400730002,-47315.52473245892
1072,1072,1274.059345764,-47252.357432903096
1073,1073,1275.366714288,-47383.49922326444
1074,1074,1276.577481536,-47214.244465629745
1075,1075,1277.7918198930001,-47241.25782186114
1076,1076,1278.974756916,-47366.05828481731
1077,1077,1280.2291666600001,-47148.30803983992
1078,1078,1281.4651613469998,-47368.659143610654
1079,1079,1282.8559824990002,-47225.415912734556
1080,1080,1284.152738723,-47436.94880700228
1081,1081,1285.4178925990002,-47223.49230118135
1082,1082,1286.653656879,-47341.54925065986
1083,1083,1287.89605822,-47238.16963935818
1084,1084,1289.3070296689998,-47160.03918145584
1085,1085,1290.6702166789999,-46948.966187011356
1086,1086,1292.24799529,-47138.008966780435
1087,1087,1293.5108070490003,-47411.3878492654
1088,1088,1294.7479728080002,-47159.17643136456
1089,1089,1296.0239428870002,-47065.63354078012
1090,1090,1297.1758857309999,-47216.07693780018
1091,1091,1298.5532103440003,-47363.99108257938
1092,1092,1299.8793236910003,-47452.95618955395
1093,1093,1301.279906366,-47159.40147358754
1094,1094,1302.703445812,-46895.49007479038
1095,1095,1303.85225989,-46923.474215229355
1096,1096,1305.0889774409998,-47330.79037791606
1097,1097,1306.381609604,-47298.539340810064
1098,1098,1307.4296582090003,-47274.20796229784
1099,1099,1308.622743783,-47029.417970106224
1100,1100,1310.2001957280002,-47169.11204792661
1101,1101,1311.3937576,-47408.125238939494
1102,1102,1312.8320868930002,-47212.53077204682
1103,1103,1314.0594160409998,-47009.98254573675
1104,1104,1315.2914518730001,-47387.902154910684
1105,1105,1316.56626133,-47273.1706577187
1106,1106,1317.8065726240002,-47223.60342045792
1107,1107,1319.3182655360001,-47210.66017402306
1108,1108,1320.623284901,-47235.089602145556
1109,1109,1321.916084392,-47301.51501196229
1110,1110,1323.161773019,-47139.02103793286
1111,1111,1324.438732138,-47279.28423084484
1112,1112,1325.808717327,-47321.226726538
1113,1113,1327.39540919,-47248.015887808346
1114,1114,1328.8188343739998,-47140.90836612114
1115,1115,1330.037781478,-47213.01469521134
1116,1116,1331.438049102,-47292.01524745082
1117,1117,1332.569417371,-47344.01358201802
1118,1118,1334.022554925,-47130.99680538239
1119,1119,1335.179439299,-47205.94910617872
1120,1120,1336.641642608,-47249.29583846834
1121,1121,1337.8542266549998,-47440.45656018394
1122,1122,1339.0534819940003,-47166.480674220365
1123,1123,1340.4312836680003,-47602.5710506935
1124,1124,1341.668201757,-47369.83356609003
1125,1125,1342.765839104,-47286.418475740466
1126,1126,1344.0698670919999,-47281.14213876497
1127,1127,1345.5808212390002,-47196.87122780767
1128,1128,1346.8092618550002,-47367.05345062491
1129,1129,1347.9942789190002,-47323.29865421659
1130,1130,1349.1663715610002,-47162.71860233062
1131,1131,1350.452419987,-47465.323806269094
1132,1132,1351.7349079920002,-47358.017020471045
1133,1133,1352.931802513,-47352.20849338523
1134,1134,1354.208399238,-47281.29025175877
1135,1135,1355.3084553209999,-47263.422057163996
1136,1136,1356.5424061380002,-47484.620189002184
1137,1137,1357.714785244,-47339.88196723766
1138,1138,1358.834319383,-47388.985447353334
1139,1139,1360.1328004270001,-47206.83850250543
1140,1140,1361.35481831,-47182.20209590677
1141,1141,1362.764952577,-47024.68462604997
1142,1142,1363.872568876,-47115.09189009776
1143,1143,1365.023757501,-47322.543598396456
1144,1144,1366.1700130600002,-47254.274141757756
1145,1145,1367.646140073,-47301.47527909607
1146,1146,1368.882641617,-47245.65620384698
1147,1147,1370.1316628300003,-47176.34803246121
1148,1148,1371.2651521550004,-47154.88713501381
1149,1149,1372.3293407100002,-47375.106209282334
1150,1150,1373.693288333,-47229.79986663721
1151,1151,1374.8045671319999,-47221.30059592734
1152,1152,1376.041096907,-47274.45340941601
1153,1153,1377.3862369940002,-47362.58941734166
1154,1154,1378.401958713,-47022.47417145956
1155,1155,1379.4679827040002,-47342.24079680833
1156,1156,1380.6599603169998,-47192.80587475794
1157,1157,1382.104082949,-47102.19877023591
1158,1158,1383.23941891,-47150.666006908934
1159,1159,1384.4355441009998,-47410.31491897287
1160,1160,1385.4891102920003,-47331.30991016018
1161,1161,1386.818506858,-47281.13058542596
1162,1162,1387.832854481,-47353.73688925266
1163,1163,1389.1342217259999,-47297.97652163135
1164,1164,1390.328222755,-47126.94284936246
1165,1165,1391.5883200429998,-47360.48992284043
1166,1166,1392.870950726,-47345.39994096566
1167,1167,1393.9806747530001,-47135.49320754059
1168,1168,1395.2361715080003,-47375.6479343383
1169,1169,1396.417159962,-47221.405623742925
1170,1170,1397.532961706,-47391.405389157015
1171,1171,1398.7725862099999,-47003.16008077536
1172,1172,1399.9663933040001,-47130.08292223685
1173,1173,1401.2293906290001,-47268.769748880324
1174,1174,1402.4166640520002,-47309.32630159186
1175,1175,1403.843021542,-47314.556408640914
1176,1176,1405.1475229159998,-47196.38486475348
1177,1177,1406.41283617,-47184.42660822329
1178,1178,1407.653720751,-47152.14918093295
1179,1179,1409.0866388790002,-47033.99462954009
1180,1180,1410.2785210700004,-47219.16011589275
1181,1181,1411.54583609,-47255.73996169155
1182,1182,1412.7569903170001,-47099.81479561231
1183,1183,1413.9371451540003,-47160.71694077092
1184,1184,1415.205713804,-47128.529955671336
1185,1185,1416.4010991970003,-47370.68601614284
1186,1186,1417.6636343669998,-47254.20218995743
1187,1187,1418.9321694650002,-47332.192501049794
1188,1188,1420.0400362100002,-47554.99384255167
1189,1189,1421.4349612400001,-47285.61646875004
1190,1190,1422.5787281920002,-47343.28511651377
1191,1191,1423.65995107,-47160.643599763556
1192,1192,1424.918536357,-47179.260611564685
1193,1193,1426.3189097939999,-47460.73339543028
1194,1194,1427.5280052350001,-47149.78121888215
1195,1195,1428.6441251560002,-47273.19601666018
1196,1196,1429.8761771980003,-47286.012048299825
1197,1197,1431.20701821,-47253.36179731445
1198,1198,1432.457222046,-47353.64090585679
1199,1199,1433.795170907,-47110.03703238563
1200,1200,1434.9809008360003,-47189.56114497835
1201,1201,1436.244357018,-47205.704010794245
1202,1202,1437.359521919,-47282.18991385813
1203,1203,1438.681895774,-47412.3699387805
1204,1204,1439.8035557670003,-47310.270679416295
1205,1205,1441.054067936,-47129.672273486285
1206,1206,1442.2638830420003,-47087.3989302956
1207,1207,1443.6964223290001,-47334.0626351992
1208,1208,1444.9375937609998,-47196.81050510115
1209,1209,1446.1134663320001,-47216.1269312163
1210,1210,1447.373437051,-47364.01828138475
1211,1211,1448.593591832,-47076.06079579297
1212,1212,1449.931673655,-47171.44225039237
1213,1213,1451.12610678,-47217.366274866465
1214,1214,1452.451862446,-47148.96553220427
1215,1215,1453.559364817,-47349.951591119156
1216,1216,1454.7062316220001,-47246.99512818558
1217,1217,1455.9833495990001,-47018.70045984593
1218,1218,1457.1986356799998,-47266.84935663315
1219,1219,1458.6954153840002,-47267.43303319125
1220,1220,1459.922537362,-47079.50850340552
1221,1221,1461.1614196450003,-47230.18525061017
1222,1222,1462.3953414050002,-47186.21206315375
1223,1223,1463.5972216690002,-47441.6528489495
1224,1224,1464.9338793390002,-47614.47400487821
1225,1225,1466.101261141,-47130.17567082901
1226,1226,1467.249108778,-47165.52603364171
1227,1227,1468.579379086,-47299.91543976916
1228,1228,1470.100144761,-47224.759824775174
1229,1229,1471.243881635,-47137.6501653016
1230,1230,1472.467689344,-47574.05635738457
1231,1231,1473.697198965,-47313.2933613946
1232,1232,1474.9423421630001,-47202.68557454512
1233,1233,1476.2397901030001,-47370.40325441585
1234,1234,1477.4781283630002,-47349.18320366831
1235,1235,1478.6972743029999,-47168.9983990556
1236,1236,1479.899089588,-47222.964394867246
1237,1237,1481.155997976,-47213.73392044475
1238,1238,1482.2108676490002,-47311.98149632439
1239,1239,1483.2860237690002,-47301.00204678053
1240,1240,1484.4834766879999,-47232.25397842329
1241,1241,1485.801784728,-47138.030779604866
1242,1242,1487.0517637359999,-47318.7845927244
1243,1243,1488.1509800140002,-47392.9146597425
1244,1244,1489.332385562,-47244.649656687136
1245,1245,1490.622306375,-47408.710256469625
1246,1246,1492.027623182,-47162.63276597407
1247,1247,1493.2414655920002,-47348.18138875612
1248,1248,1494.5188605300002,-47281.95459530357
1249,1249,1495.781646565,-47185.518827049214
1250,1250,1496.991332056,-47316.98184416374
1251,1251,1498.220254685,-47030.622828322674
1252,1252,1499.4502040280001,-47288.14681470333
1253,1253,1500.603450003,-47234.64604763603
1254,1254,1502.0988168350002,-47119.95665469814
1255,1255,1503.2387048730002,-47296.94342874527
1256,1256,1504.345893084,-47380.93640072431
1257,1257,1505.561664409,-47370.682898318504
1258,1258,1506.832201905,-47140.870682321925
1259,1259,1508.051188788,-47294.35363156783
1260,1260,1509.183148521,-47267.365121883566
1261,1261,1510.514410186,-47282.27739672352
1262,1262,1511.718167979,-47151.99079905045
1263,1263,1512.9390893109999,-47317.0332697771
1264,1264,1514.3536656869999,-47133.136729065525
1265,1265,1515.581947633,-47085.485890129625
1266,1266,1516.8485115390001,-46953.259213300655
1267,1267,1518.094294948,-47422.87691209463
1268,1268,1519.3513689850001,-47266.440305208234
1269,1269,1520.5016821,-47203.41720751766
1270,1270,1521.5058447000004,-47318.276251096155
1271,1271,1522.653200578,-47001.1315982408
1272,1272,1524.0105752480001,-47181.9634419066
1273,1273,1525.226394295,-47186.342327631035
1274,1274,1526.3815297380002,-47410.34896574473
1275,1275,1527.76177036,-47101.08392199991
1276,1276,1528.9177662610002,-47193.07497818363
1277,1277,1530.150795769,-47211.107281354285
1278,1278,1531.3255613759998,-46980.170250844945
1279,1279,1532.6743784540001,-47339.39452800341
1280,1280,1533.934695734,-47217.79447995658
1281,1281,1535.32807386,-47216.07247728515
1282,1282,1536.599120096,-47181.22917954811
1283,1283,1537.77493076,-47142.70649051301
1284,1284,1538.9795169489998,-47036.82825165083
1285,1285,1540.12758616,-47125.89351382778
1286,1286,1541.3135610529998,-47453.9891054754
1287,1287,1542.5343821590002,-47142.38362109385
1288,1288,1543.7493292430001,-47384.070252779995
1289,1289,1544.80864873,-47116.747776299584
1290,1290,1546.071035173,-47335.14778088741
1291,1291,1547.27109963,-47140.2118844209
1292,1292,1548.3899942100002,-47143.17389100088
1293,1293,1549.8437954020003,-47080.87804230327
1294,1294,1551.0801186040003,-47251.24267977448
1295,1295,1552.218622457,-47266.73919827749
1296,1296,1553.4058621780002,-47497.33409140596
1297,1297,1554.664148192,-47163.094547937595
1298,1298,1556.189338715,-47118.43766190642
1299,1299,1557.356785896,-47246.30784860969
1300,1300,1558.502366423,-47165.52535277174
1301,1301,1559.6722439700002,-47280.81276351429
1302,1302,1561.2199388939998,-47254.05527934722
1303,1303,1562.2945451110002,-47277.08886304224
1304,1304,1563.457593754,-47033.18044423994
1305,1305,1564.708463517,-47389.022748857686
1306,1306,1565.904641193,-47229.74703861779
1307,1307,1567.3342461080001,-47258.4928176989
1308,1308,1568.4834295720002,-47248.8987434586
1309,1309,1569.6180938770003,-47052.90269993138
1310,1310,1570.7864900230002,-47208.91119877279
1311,1311,1572.227900707,-47350.52369440219
1312,1312,1573.4520565229998,-47403.98639056953
1313,1313,1574.691776848,-47417.28951675306
1314,1314,1575.972318126,-47303.818577419035
1315,1315,1577.5769238,-47310.7094588992
1316,1316,1578.7228958350001,-47236.047681151125
1317,1317,1579.8531159870001,-47278.47605701785
1318,1318,1581.1172291510002,-47261.88651168367
1319,1319,1582.30873606,-47034.91896039896
1320,1320,1583.8841979390002,-47372.80773976251
1321,1321,1585.146108097,-46992.602801218
1322,1322,1586.389389085,-47213.99691545216
1323,1323,1587.720154558,-47292.85692075484
1324,1324,1589.0946642129998,-47307.54491748336
1325,1325,1590.3236984,-47125.25015294781
1326,1326,1591.3846482390002,-47283.499853494766
1327,1327,1592.558508118,-47518.199482074546
1328,1328,1593.861941736,-47270.973795808284
1329,1329,1595.11301773,-47331.952404125244
1330,1330,1596.40045161,-47292.682643147215
1331,1331,1597.610436034,-47075.39997718813
1332,1332,1598.732948111,-47414.54212262086
1333,1333,1600.079888185,-47362.22610500788
1334,1334,1601.3385309239998,-47278.21425373052
1335,1335,1602.5254521630002,-47250.599883803356
1336,1336,1603.914478079,-47237.871914806645
1337,1337,1605.123607246,-47195.41758949322
1338,1338,1606.421625172,-47239.15205285781
1339,1339,1607.5655880499999,-47225.674099831536
1340,1340,1608.7932938840004,-47319.3646264651
1341,1341,1609.9541042110002,-47307.16700422881
1342,1342,1611.331269475,-47283.270534328476
1343,1343,1612.4406288280002,-47126.29228953155
1344,1344,1613.703465458,-47426.34181428228
1345,1345,1614.8049929160002,-47078.938057718275
1346,1346,1616.109117881,-47196.639384234884
1347,1347,1617.351998656,-47302.26763272994
1348,1348,1618.4271699330002,-47341.06444256185
1349,1349,1619.840410916,-47089.204456372536
1350,1350,1621.0376087070001,-47298.36269981226
1351,1351,1622.2607148370003,-47183.115777606894
1352,1352,1623.464081582,-47393.62427631841
1353,1353,1624.681260956,-47551.25740542864
1354,1354,1625.895252628,-47218.87255741979
1355,1355,1627.3297722399998,-47163.89192025253
1356,1356,1628.6560448440002,-46993.8376255866
1357,1357,1629.8935265470002,-47477.21451219743
1358,1358,1631.101542502,-47167.92706645761
1359,1359,1632.236601994,-47272.84406863754
1360,1360,1633.749060629,-47382.404951852375
1361,1361,1634.9553212740002,-47147.400461274534
1362,1362,1636.2384476979998,-47277.48230169392
1363,1363,1637.5527469780002,-47411.460236430146
1364,1364,1638.896883575,-47102.62498617968
1365,1365,1640.1287681670003,-47123.48469606981
1366,1366,1641.2253189639998,-47335.92806649895
1367,1367,1642.5645854560003,-47149.71354898943
1368,1368,1643.995995806,-47130.15019485905
1369,1369,1645.120461296,-47269.45318566167
1370,1370,1646.264949349,-46891.785572682405
1371,1371,1647.4040964859998,-47388.44080792231
1372,1372,1648.589670186,-47359.49118024167
1373,1373,1649.914037782,-47225.82635766826
1374,1374,1651.053867637,-47118.44695535173
1375,1375,1652.364913421,-47301.89141571126
1376,1376,1653.545119198,-47371.83350586125
1377,1377,1654.7595387070003,-47252.20648453766
1378,1378,1656.3314758600002,-47037.63786573131
1379,1379,1657.705737299,-47278.204472862155
1380,1380,1659.17757064,-47276.94371693765
1381,1381,1660.443154877,-47286.035526972446
1382,1382,1662.0124507829998,-47239.09451663147
1383,1383,1663.2055307300002,-47209.17881642418
1384,1384,1664.5809054479998,-47185.41377582325
1385,1385,1665.8928036990003,-47279.95478971819
1386,1386,1667.3771728380002,-47371.169912995436
1387,1387,1668.700659988,-47166.1120675921
1388,1388,1670.0073062070003,-47360.92882710244
1389,1389,1671.386171713,-47250.691711668675
1390,1390,1672.5520462950003,-47091.73659413049
1391,1391,1673.828577701,-47244.44816744169
1392,1392,1675.0446235640002,-47466.70975215158
1393,1393,1676.395497323,-47292.64003137969
1394,1394,1677.551821206,-47252.434914821715
1395,1395,1678.7910904180003,-47182.84288961474
1396,1396,1680.153962502,-47367.42568131337
1397,1397,1681.359959373,-47438.652893738465
1398,1398,1682.541337202,-47429.104032066185
1399,1399,1683.70615576,-47445.05937656105
1400,1400,1684.877016709,-47253.901947385624
1401,1401,1686.1145202430002,-47184.142548617405
1402,1402,1687.4777118509999,-47223.1900308504
1403,1403,1688.8149255460003,-47098.87747197595
1404,1404,1690.078680687,-47413.24923009425
1405,1405,1691.414145306,-47241.850776918014
1406,1406,1692.761151863,-47381.78099815562
1407,1407,1694.092229195,-47418.59216781912
1408,1408,1695.295084135,-47115.56111058089
1409,1409,1696.568357858,-47199.80663361087
1410,1410,1697.748598414,-47384.20648188351
1411,1411,1698.9916715990003,-47369.911472928085
1412,1412,1700.3918245609998,-47267.35290121218
1413,1413,1701.3977732330002,-47224.82526085418
1414,1414,1702.7170550540002,-47377.333179228095
1415,1415,1703.9566608000002,-47203.48682379439
1416,1416,1705.236126783,-47188.529826693026
1417,1417,1706.4577640080001,-47571.98282329492
1418,1418,1707.6132148060003,-47213.50775784591
1419,1419,1708.8857325590002,-47290.38832125285
1420,1420,1710.2828418160002,-47242.7945443283
1421,1421,1711.513261223,-47358.8527716808
1422,1422,1712.672654495,-47371.9943801288
1423,1423,1713.9686449609999,-47127.246058633296
1424,1424,1715.36735757,-47356.35390255949
1425,1425,1716.866064353,-47269.19044919042
1426,1426,1718.3559017050002,-47341.53833240285
1427,1427,1719.7430171770002,-47127.4212609761
1428,1428,1720.933835564,-47272.40939270739
1429,1429,1722.0799407040001,-47405.21813626673
1430,1430,1723.384668072,-47235.61975061124
1431,1431,1724.565209233,-47269.595361262174
1432,1432,1725.8216466689998,-47380.80293775387
1433,1433,1727.183978728,-47300.38011348351
1434,1434,1728.4308043209999,-47319.62347168632
1435,1435,1729.622064121,-47319.226621937734
1436,1436,1730.6931608120003,-47192.000322235624
1437,1437,1731.9216604690002,-47217.80542414003
1438,1438,1733.2895830740001,-47209.48710999126
1439,1439,1734.7057400520002,-47329.88140878273
1440,1440,1735.9065656730002,-47120.56285429679
1441,1441,1737.0770109859998,-47013.31639725572
1442,1442,1738.4839841459998,-47320.63517295275
1443,1443,1739.6499662330002,-47268.28660568686
1444,1444,1740.8964778920001,-47282.660717503895
1445,1445,1742.4541299080001,-47019.27638329078
1446,1446,1743.8489247249997,-47294.21662403409
1447,1447,1745.209021265,-47283.17082137878
1448,1448,1746.7134967240002,-47310.07044800972
1449,1449,1748.164006275,-47230.77109620555
1450,1450,1749.573158958,-47188.97746486211
1451,1451,1751.176926234,-47110.590413880665
1452,1452,1752.3916076680002,-47372.84465475318
1453,1453,1753.5690864400003,-47594.576413549075
1454,1454,1754.8060198460003,-47328.88291453615
1455,1455,1756.0459364880003,-47239.531961507026
1456,1456,1757.4069066360003,-47361.892153859095
1457,1457,1758.6086919940003,-47341.6666393374
1458,1458,1759.7822591610002,-47505.68104027517
1459,1459,1761.1013643630004,-47064.44503345137
1460,1460,1762.4678917439999,-47228.38148769827
1461,1461,1763.955390956,-47481.172541890315
1462,1462,1765.239186518,-47164.132522795626
1463,1463,1766.5585252820001,-47372.78651215493
1464,1464,1767.7294215819998,-47117.3899407019
1465,1465,1769.185569071,-47250.608179108516
1466,1466,1770.4167160410002,-47329.478389879274
1467,1467,1771.6116228120002,-47197.041310710054
1468,1468,1772.8592870049997,-47218.04016526541
1469,1469,1774.052273718,-47323.67217637671
1470,1470,1775.470829305,-47168.40968914939
1471,1471,1776.72987734,-47135.812357687064
1472,1472,1777.878418307,-47274.54586864312
1473,1473,1779.185476448,-47262.354663158345
1474,1474,1780.3050059139998,-47353.40190077592
1475,1475,1781.519658847,-47147.22725441461
1476,1476,1782.9197213329999,-47046.20813460805
1477,1477,1784.2161460739999,-47259.58992803808
1478,1478,1785.480612108,-47198.67285360379
1479,1479,1786.747063833,-47189.862569505276
1480,1480,1787.964309622,-47186.7613410804
1481,1481,1789.41318819,-47410.7218401561
1482,1482,1790.8164264050001,-47102.082426691246
1483,1483,1792.1617900200001,-47174.86124969126
1484,1484,1793.591764087,-47023.143971671736
1485,1485,1794.874624148,-47371.72471944204
1486,1486,1796.170307587,-47150.05749306947
1487,1487,1797.405258907,-47300.202308669206
1488,1488,1798.558868541,-47130.09733838374
1489,1489,1799.9351632110001,-47147.94510880701
1490,1490,1801.0917094640001,-47316.306122069596
1491,1491,1802.361641562,-47416.89164246491
1492,1492,1803.8083144649997,-47495.16858454879
1493,1493,1804.9978607510002,-47336.08585476048
1494,1494,1806.170338432,-47240.951096662044
1495,1495,1807.338338935,-47270.285965316376
1496,1496,1808.5957036640002,-47317.56796880067
1497,1497,1810.076340061,-47174.03850424203
1498,1498,1811.295367058,-47318.47589604687
1499,1499,1812.473461354,-47336.765978503274
1500,1500,1813.885477107,-47345.065885756834
1501,1501,1815.2818180320003,-47155.278388764855
1502,1502,1816.5586539969997,-47236.706201600115
1503,1503,1817.853083062,-47199.278799869484
1504,1504,1819.0170302420001,-47199.725345513994
1505,1505,1820.470587026,-47333.40252117853
1506,1506,1821.656471876,-47269.3947180719
1507,1507,1822.8267723469999,-47201.36177548437
1508,1508,1824.0687772200001,-47400.997461923165
1509,1509,1825.535408876,-47106.574206290985
1510,1510,1826.8760453829998,-47090.45453603293
1511,1511,1828.334833917,-47333.84546453577
1512,1512,1829.560271543,-47305.44806774884
1513,1513,1830.7397941689999,-47265.47579439132
1514,1514,1832.0815341210002,-47186.67854383098
1515,1515,1833.1824684560002,-47167.528277139056
1516,1516,1834.4881699220002,-47271.201849352525
1517,1517,1835.7376593800002,-47160.95984734757
1518,1518,1836.9721647589997,-47141.76504321952
1519,1519,1838.1741263970002,-47320.16408016651
1520,1520,1839.4511159780002,-47061.251602231234
1521,1521,1840.8637104370002,-47361.702779183266
1522,1522,1842.062446694,-47299.65026925798
1523,1523,1843.325872445,-47290.03664451088
1524,1524,1844.6958300279998,-47164.33962186347
1525,1525,1845.9650696180001,-47323.81609428052
1526,1526,1847.289051806,-47346.49029127988
1527,1527,1848.4922647759997,-47296.15059386746
1528,1528,1849.745454438,-47228.28228994962
1529,1529,1851.224494901,-47226.2182669195
1530,1530,1852.5890484040003,-47328.36923673502
1531,1531,1853.8446740160002,-47247.060352061206
1532,1532,1855.10461302,-47274.29283453616
1533,1533,1856.464224248,-47205.17601918415
1534,1534,1857.6998170150002,-47270.7667455119
1535,1535,1859.107872912,-47116.24195107253
1536,1536,1860.2365719309998,-47424.5856442569
1537,1537,1861.48975302,-47168.13377788551
1538,1538,1862.8300897460003,-47421.00194807493
1539,1539,1864.1736385,-47431.32313374436
1540,1540,1865.3853706789998,-47202.738293923765
1541,1541,1866.5901900730003,-47389.70019958
1542,1542,1867.8167070380002,-47391.7237187958
1543,1543,1869.3103622929998,-47321.32002829283
1544,1544,1870.5391394600001,-47264.10761155834
1545,1545,1871.644534459,-47240.418622872654
1546,1546,1872.8276561620003,-47456.67812455073
1547,1547,1873.9349837119998,-47243.00578807055
1548,1548,1875.199308706,-47043.90153116705
1549,1549,1876.4804470000001,-47237.39937492731
1550,1550,1877.8926475650003,-47127.23659152258
1551,1551,1879.146505734,-47120.71050797059
1552,1552,1880.3945551630002,-47291.349827670565
1553,1553,1881.5916834260001,-47234.44248605035
1554,1554,1882.989604115,-47312.74379613984
1555,1555,1884.1910064630001,-47155.54888989421
1556,1556,1885.361435597,-47245.08801178739
1557,1557,1886.5093529340002,-47310.29917547593
1558,1558,1887.9454910470001,-47300.990158213746
1559,1559,1889.3160691380003,-47294.67869455298
1560,1560,1890.4757659010002,-47231.888211212376
1561,1561,1891.8901272399999,-47108.27297399219
1562,1562,1893.1565372999999,-47105.61728012656
1563,1563,1894.4822697270001,-47341.00962715512
1564,1564,1895.722993607,-47302.245667800125
1565,1565,1896.6567268909998,-47386.0130762149
1566,1566,1897.776990491,-47238.4561873645
1567,1567,1898.857370625,-47174.9908605318
1568,1568,1900.25881624,-47307.50284449363
1569,1569,1901.545956421,-47308.72643488432
1570,1570,1902.7572459320002,-47147.293182620706
1571,1571,1904.000608839,-47178.406961476525
1572,1572,1905.381303051,-47213.854945404906
1573,1573,1906.483920783,-47539.62152979629
1574,1574,1907.6840047550002,-47185.17912947393
1575,1575,1908.92492895,-47208.1541596388
1576,1576,1910.3664940889998,-47336.886510803146
1577,1577,1911.55215858,-47055.63195194916
1578,1578,1912.7530591410002,-47174.486292829795
1579,1579,1913.9987195049998,-47300.952692268576
1580,1580,1915.4433559210001,-47317.79510288714
1581,1581,1916.649335969,-47191.104584334054
1582,1582,1917.8528154930002,-47304.646009919146
1583,1583,1918.9563279269998,-47241.90904767495
1584,1584,1920.426677555,-47170.04893233819
1585,1585,1921.67589244,-47228.775958167054
1586,1586,1922.922086375,-47157.18959473398
1587,1587,1924.21206826,-47154.808578251024
1588,1588,1925.6511888720001,-47335.30050383852
1589,1589,1926.7983848990002,-47212.65091295445
1590,1590,1928.101750008,-47097.81298642614
1591,1591,1929.2496930940001,-47352.43089537712
1592,1592,1930.6913299540001,-47154.07604822235
1593,1593,1931.92515937,-47230.60137493947
1594,1594,1933.1470580100004,-47237.49705052272
1595,1595,1934.4129477150002,-47199.59283418959
1596,1596,1935.7935081099997,-47151.77827263214
1597,1597,1936.9769430109998,-47149.6200721766
1598,1598,1938.2902456979998,-47190.28020652718
1599,1599,1939.381191182,-47392.468746520186
1600,1600,1940.6880078650001,-47218.88820887476
1601,1601,1941.8809260829998,-47299.04552291527
1602,1602,1943.138970136,-47180.10229206213
1603,1603,1944.3525221890002,-47260.39306866826
1604,1604,1945.7774699070003,-47294.617785468814
1605,1605,1947.012983384,-47152.666985489086
1606,1606,1948.18454854,-47243.07274205467
1607,1607,1949.3899614,-47265.88471545816
1608,1608,1950.8016956640001,-47400.85864215284
1609,1609,1951.9932596849999,-47228.6639925249
1610,1610,1953.1836626960003,-47195.23975806428
1611,1611,1954.359091691,-47328.223447182594
1612,1612,1955.8092857329998,-47395.635227339706
1613,1613,1956.827654075,-47297.261010760965
1614,1614,1957.961664599,-47335.324397614626
1615,1615,1959.232081625,-47421.77421197741
1616,1616,1960.7383393270002,-47244.359719358275
1617,1617,1961.9366934020002,-47409.77603994491
1618,1618,1963.164559827,-47325.41340191322
1619,1619,1964.424150276,-47225.50797701511
1620,1620,1965.8593674289998,-46873.239940067455
1621,1621,1966.9387421360002,-47310.018735520636
1622,1622,1968.091600697,-47182.71164995827
1623,1623,1969.206409083,-47289.300457781676
1624,1624,1970.400385183,-47292.241136261415
1625,1625,1971.560414545,-47458.16462851036
1626,1626,1972.7183010920003,-47221.81692063339
1627,1627,1973.9777143600002,-47413.76146262185
1628,1628,1975.5790736290003,-47204.89347240769
1629,1629,1976.7755193230003,-47415.572889509946
1630,1630,1977.9757575329998,-47198.51007646693
1631,1631,1979.214008002,-47222.012023402305
1632,1632,1980.4356029320002,-47235.54885261086
1633,1633,1981.6265426730001,-47316.658802994716
1634,1634,1982.7839269929998,-47213.018413874146
1635,1635,1983.9633711990002,-47083.05249856264
1636,1636,1985.4423040630002,-47318.432379021324
1637,1637,1986.706254352,-47348.534732660555
1638,1638,1987.883793735,-47391.17990296436
1639,1639,1989.03034437,-47221.14569323731
1640,1640,1990.459527226,-47189.735863104666
1641,1641,1991.633272407,-47081.57018767429
1642,1642,1992.829216153,-47441.10062986235
1643,1643,1994.036612505,-47197.84331656376
1644,1644,1995.421947749,-47216.65016351975
1645,1645,1996.701439166,-47315.41451628534
1646,1646,1997.9604873020003,-47190.430182512464
1647,1647,1999.229674774,-47202.76595062338
1648,1648,2000.662554465,-47348.39610905965
1649,1649,2001.8483175070003,-47318.885945885064
1650,1650,2003.094910733,-47357.92706642224
1651,1651,2004.380365299,-47272.57209522637
1652,1652,2005.8124948060001,-47086.66632999646
1653,1653,2006.950649468,-47146.62385562395
1654,1654,2008.1771491530003,-47124.472081557244
1655,1655,2009.3817064430002,-47200.68581454988
1656,1656,2010.9031992040002,-47279.60375805048
1657,1657,2012.191752439,-47228.51144010178
1658,1658,2013.6262605830002,-47375.59775108612
1659,1659,2014.8450142339998,-47320.85956365486
1660,1660,2016.304518017,-47284.09484752766
1661,1661,2017.578745268,-47285.1013425146
1662,1662,2018.8849802589998,-47356.38066560313
1663,1663,2020.0110833490003,-47373.35702623102
1664,1664,2021.382954779,-47231.818000871914
1665,1665,2022.7255010279998,-47051.33462703906
1666,1666,2024.011178963,-47408.70762243605
1667,1667,2025.290110341,-47146.71434300372
1668,1668,2026.898099178,-47340.41202560938
1669,1669,2028.1488382430002,-47245.11336703591
1670,1670,2029.372186197,-47190.01108914948
1671,1671,2030.5984303080002,-47273.373845557544
1672,1672,2032.064892996,-47286.00674092234
1673,1673,2033.263700394,-47402.824522893374
1674,1674,2034.4611323600002,-47248.654265549
1675,1675,2035.8862848120002,-47114.760953201745
1676,1676,2037.3631916570002,-47101.9886012505
1677,1677,2038.6542367389998,-47244.2091597419
1678,1678,2039.832181178,-47276.234269585904
1679,1679,2041.1563588220001,-47258.15050596275
1680,1680,2042.635396446,-47352.06518102641
1681,1681,2043.94921446,-47262.825132793594
1682,1682,2045.242153285,-47288.100341176556
1683,1683,2046.4657530910001,-47158.6370126972
1684,1684,2047.5908532870003,-47205.58941450143
1685,1685,2048.761887695,-47354.58642351482
1686,1686,2049.9526379920003,-47421.582993237906
1687,1687,2051.169360254,-47198.95032014736
1688,1688,2052.46545431,-47157.33361630856
1689,1689,2053.436322122,-47456.83877719786
1690,1690,2054.656753355,-47308.94364930694
1691,1691,2055.891277304,-47305.496584671644
1692,1692,2057.322245353,-47189.74591123476
1693,1693,2058.652230937,-47237.463542972706
1694,1694,2059.912331047,-47241.127038606486
1695,1695,2061.168643518,-47288.937384184974
1696,1696,2062.551158032,-47106.79222732356
1697,1697,2063.720324961,-47200.677666826385
1698,1698,2064.881294286,-47219.37433963278
1699,1699,2066.0945150049997,-47299.52454036467
1700,1700,2067.49669987,-47305.16788059477
1701,1701,2068.582805455,-47328.532255127895
1702,1702,2069.75483708,-47349.73844776662
1703,1703,2070.949513694,-47240.54528348473
1704,1704,2072.4407695630002,-47187.43437468649
1705,1705,2073.7053893410002,-47360.312845865396
1706,1706,2074.975691309,-47108.42554589261
1707,1707,2076.123586223,-47184.13134499675
1708,1708,2077.5813747439997,-47408.41288866981
1709,1709,2078.7639560469997,-47170.82415913581
1710,1710,2079.940262099,-47156.05804605412
1711,1711,2080.9764862330003,-47387.31487723547
1712,1712,2082.481562156,-46991.66041138445
1713,1713,2083.6123565370003,-47246.28641606862
1714,1714,2084.804634517,-47397.884295800155
1715,1715,2086.004567197,-47239.64681177463
1716,1716,2087.310539744,-47206.04863281147
1717,1717,2088.490977889,-47372.94729097979
1718,1718,2089.657409552,-47299.36240466609
1719,1719,2090.925667986,-47310.99094392976
1720,1720,2092.3265403550004,-47040.885202023506
1721,1721,2093.579854813,-47429.68915068815
1722,1722,2094.815823281,-47190.12218961256
1723,1723,2096.0090909,-47116.153861407955
1724,1724,2097.477151794,-47431.13174157115
1725,1725,2098.60484863,-47344.7717467738
1726,1726,2099.7777075100003,-47240.4245446399
1727,1727,2100.9432853840003,-47293.70034003128
1728,1728,2102.332452263,-47197.717356774774
1729,1729,2103.514538622,-47244.741497671625
1730,1730,2104.7120250340004,-47203.17281384596
1731,1731,2106.0491892269997,-47214.58381922539
1732,1732,2107.49994734,-47246.79403442796
1733,1733,2108.6526940219997,-47306.0044429482
1734,1734,2109.915795749,-47065.91788396267
1735,1735,2111.155341858,-47185.53625017122
1736,1736,2112.455370922,-47422.3552553935
1737,1737,2113.576778705,-47416.77846899263
1738,1738,2114.7206363070004,-47196.86845277375
1739,1739,2115.872483636,-47187.40557004591
1740,1740,2117.3029360250002,-47177.423652715435
1741,1741,2118.498078207,-47166.49372522719
1742,1742,2119.6738841750002,-47261.25963526465
1743,1743,2120.912749398,-47071.09066544937
1744,1744,2122.360205185,-47180.53344378989
1745,1745,2123.5949186450002,-47072.09479509371
1746,1746,2124.764191414,-47172.86039969411
1747,1747,2125.9820471820003,-47313.15141528174
1748,1748,2127.3576789890003,-47330.803365123335
1749,1749,2128.528684243,-47229.53963878253
1750,1750,2129.7621626130003,-47135.4157492907
1751,1751,2130.9358099660003,-47210.00074906359
1752,1752,2132.3573979850003,-47138.78860171228
1753,1753,2133.456370711,-47251.942755450946
1754,1754,2134.637469418,-47090.82846603787
1755,1755,2135.784312765,-46906.96444656715
1756,1756,2137.1680554900004,-47169.30176253662
1757,1757,2138.211850957,-47333.29924467886
1758,1758,2139.3308354060005,-47163.3584736066
1759,1759,2140.513326392,-47320.116082152555
1760,1760,2141.8870877169998,-47361.60167187784
1761,1761,2143.1158714880003,-47245.11746264111
1762,1762,2144.31238835,-47265.7976391083
1763,1763,2145.5187961369998,-47250.651765651586
1764,1764,2146.7539179660002,-47432.74987965189
1765,1765,2147.898643055,-47259.653060878874
1766,1766,2149.0721394449997,-47325.26806415248
1767,1767,2150.228917548,-47133.33982085168
1768,1768,2151.710245651,-47434.297112784145
1769,1769,2152.8710892460003,-47248.27894508783
1770,1770,2154.0825903520004,-47229.94329034914
1771,1771,2155.365122968,-47283.18761185341
1772,1772,2156.7872966,-47220.00145262319
1773,1773,2157.92525941,-47249.00710020937
1774,1774,2159.0948622309998,-47043.34980318998
1775,1775,2160.3575916,-47243.43132384217
1776,1776,2161.6531069820003,-47339.280283801556
1777,1777,2162.884242613,-47125.225587234505
1778,1778,2164.002616879,-47337.22430923166
1779,1779,2165.2314357890004,-47049.97748676471
1780,1780,2166.619664901,-47154.25284904218
1781,1781,2167.874404706,-47112.27545425773
1782,1782,2169.1022791289997,-47386.138544478315
1783,1783,2170.273786874,-47353.1132256581
1784,1784,2171.662223797,-47143.97470402285
1785,1785,2172.800010406,-47153.69920554111
1786,1786,2173.909906659,-47343.35308530233
1787,1787,2175.167204748,-47195.46894536801
1788,1788,2176.646897348,-47275.09061164092
1789,1789,2177.8715998010002,-47449.89258000535
1790,1790,2179.108381978,-47342.14837827783
1791,1791,2180.314842705,-47248.018161133106
1792,1792,2181.7325936730003,-47270.59711286481
1793,1793,2182.8800037799997,-47201.419288988705
1794,1794,2184.058017055,-47153.3479058206
1795,1795,2185.239156359,-47274.40468411429
1796,1796,2186.659862307,-47281.79540007386
1797,1797,2187.8088098949997,-47104.74189113831
1798,1798,2188.992541994,-47202.78606168351
1799,1799,2190.224103234,-47207.55288302508
1800,1800,2191.7441775680004,-47030.65785300413
1801,1801,2192.922127599,-47344.44482185007
1802,1802,2194.172549066,-47238.550186742286
1803,1803,2195.369959307,-47249.93167137386
1804,1804,2196.565424526,-47351.65801193247
1805,1805,2197.8311580520003,-47312.8268391916
1806,1806,2199.180882077,-47355.098122617295
1807,1807,2200.361546384,-47181.92988736901
1808,1808,2201.633640205,-47363.30001769833
1809,1809,2202.8808963839997,-47118.96843042685
1810,1810,2204.0860033900003,-47381.91672361026
1811,1811,2205.429042461,-47284.3092824368
1812,1812,2206.699558404,-47003.51365144824
1813,1813,2207.82646665,-47400.2202740048
1814,1814,2209.150825573,-47250.825166024195
1815,1815,2210.347386769,-47298.055029644034
1816,1816,2211.526463075,-47345.84358140765
1817,1817,2212.77057853,-47415.08675472388
1818,1818,2213.9892310600003,-47320.00492236765
1819,1819,2215.166073336,-47148.30352898018
1820,1820,2216.331911739,-47408.110808270736
1821,1821,2217.416568213,-47002.00605934796
1822,1822,2218.765978307,-47208.10635706415
1823,1823,2220.057492235,-47103.445048364985
1824,1824,2221.246084839,-47186.764156730605
1825,1825,2222.48456835,-47450.57522698593
1826,1826,2223.683154792,-47254.316137208414
1827,1827,2224.899230324,-47169.705890552344
1828,1828,2226.0678216329998,-47256.91961560966
1829,1829,2227.2815043299997,-47183.40308325072
1830,1830,2228.465914549,-47243.41235006689
1831,1831,2230.037216249,-47164.29115685758
1832,1832,2231.340707775,-47248.40092029607
1833,1833,2232.614290121,-47217.612101464365
1834,1834,2233.783280687,-47195.777447804714
1835,1835,2234.9943719870002,-47093.091454881236
1836,1836,2236.364150548,-47278.1488395083
1837,1837,2237.522383447,-47477.27173687722
1838,1838,2238.638223131,-47326.683323661855
1839,1839,2239.818547617,-47132.77868933667
1840,1840,2241.1354392470002,-47306.80550824138
1841,1841,2242.373252938,-47083.51472962785
1842,1842,2243.5435588389996,-47332.04930587465
1843,1843,2244.7441639060003,-47204.40358980564
1844,1844,2245.9501621150002,-47057.61104298751
1845,1845,2247.388077816,-47094.03716317774
1846,1846,2248.630920269,-47109.9581283544
1847,1847,2249.7675579869997,-47351.87883916967
1848,1848,2250.9107502899997,-47397.541528409776
1849,1849,2252.175953776,-47383.4520105815
1850,1850,2253.2714282320003,-47082.5773529527
1851,1851,2254.561587202,-47338.60357798805
1852,1852,2255.7411441080003,-47206.24896526098
1853,1853,2256.981141924,-47167.78674892001
1854,1854,2258.1787432730002,-47131.44281250859
1855,1855,2259.449737504,-47328.72157051642
1856,1856,2260.669267718,-47516.094153941296
1857,1857,2262.0276557240004,-47345.42980598501
1858,1858,2263.2561897160003,-47328.565685553964
1859,1859,2264.5065797740003,-46989.920063903846
1860,1860,2265.876764388,-47105.164941494324
1861,1861,2267.1270117390004,-47213.181406360156
1862,1862,2268.2763040160003,-47495.38096183448
1863,1863,2269.479028031,-47284.413319709216
1864,1864,2270.763182271,-47212.8293281396
1865,1865,2272.029811868,-47233.55064822126
1866,1866,2273.2512377900002,-47095.0070826006
1867,1867,2274.751662354,-47254.628912553155
1868,1868,2275.899778539,-47247.456049922796
1869,1869,2277.139740878,-47121.32099927209
1870,1870,2278.447992618,-47208.94078165199
1871,1871,2279.7276144360003,-47284.06316891697
1872,1872,2281.249271133,-47125.033814205766
1873,1873,2282.433686366,-47234.731693043366
1874,1874,2283.584836962,-47263.91671956088
1875,1875,2284.8544462970003,-47238.60414728594
1876,1876,2286.1171327380002,-47310.9775496555
1877,1877,2287.355548426,-47374.3222295724
1878,1878,2288.564892108,-47304.06288911524
1879,1879,2289.736990123,-47228.88698535966
1880,1880,2290.948378943,-47244.16819661098
1881,1881,2292.3576826880003,-47191.66344253747
1882,1882,2293.698753288,-47202.63217083537
1883,1883,2294.867283397,-47318.008925792616
1884,1884,2296.1263989920003,-47300.07721683309
1885,1885,2297.34388515,-47181.89583262512
1886,1886,2298.7816910160004,-47247.36235622098
1887,1887,2299.8824786880004,-47155.05047279405
1888,1888,2301.044716187,-47481.04080107451
1889,1889,2302.2157511050004,-47223.81504357238
1890,1890,2303.467944432,-47275.818791792575
1891,1891,2304.6790012320002,-47254.70921659161
1892,1892,2306.066200705,-47269.1392171688
1893,1893,2307.1463062519997,-47377.04163779876
1894,1894,2308.4065507749997,-47249.31601430131
1895,1895,2309.6281790320004,-47161.797846929054
1896,1896,2310.9773092729997,-47297.179274290786
1897,1897,2312.1196101990004,-47201.5511963286
1898,1898,2313.3120083090002,-47551.73430414444
1899,1899,2314.790456654,-47073.31941924466
1900,1900,2316.010322197,-47231.82251341661
1901,1901,2317.22928756,-47222.97200982941
1902,1902,2318.476509499,-47205.35986612288
1903,1903,2319.6844650830003,-47491.15566357784
1904,1904,2320.915328268,-47146.97132264807
1905,1905,2322.105444798,-47612.59650458378
1906,1906,2323.5221228180003,-47051.36407721253
1907,1907,2324.783714359,-47280.33462731034
1908,1908,2326.0199092450002,-47120.347011231366
1909,1909,2327.1989755430004,-47257.63015996758
1910,1910,2328.525413584,-47250.6408171441
1911,1911,2329.968114259,-47245.02656147398
1912,1912,2331.141411138,-47317.5755043732
1913,1913,2332.387935304,-47218.29203166534
1914,1914,2333.626711584,-47490.85021147454
1915,1915,2335.001339459,-47266.694128114395
1916,1916,2336.39641574,-47308.72242441477
1917,1917,2337.646604353,-47366.63334283532
1918,1918,2338.834335317,-47586.96602711264
1919,1919,2340.01818101,-47305.235234574524
1920,1920,2341.442308257,-47222.72386733602
1921,1921,2342.712131142,-47310.188621619745
1922,1922,2343.778747596,-47424.04954326704
1923,1923,2344.901212615,-47269.27008598352
1924,1924,2345.9507305399998,-47302.752266069416
1925,1925,2347.373130686,-47128.43732856758
1926,1926,2348.648135935,-47201.1967340815
1927,1927,2349.911203837,-47229.40007197611
1928,1928,2351.3506178850002,-47408.8677144984
1929,1929,2352.589515397,-47304.269924194676
1930,1930,2353.817944031,-47472.037111290985
1931,1931,2354.9761395240002,-47233.968238305766
1932,1932,2356.471532416,-47176.32190779518
1933,1933,2357.733157435,-47363.55381943263
1934,1934,2358.93708272,-47159.42173176185
1935,1935,2360.1748000099997,-47140.37447170618
1936,1936,2361.45835583,-47365.780825816495
1937,1937,2362.848602003,-46962.60822220285
1938,1938,2364.2799527380002,-47213.170874371994
1939,1939,2365.5536417430003,-47222.11627095702
1940,1940,2366.714801796,-47178.02868673919
1941,1941,2367.989014075,-47275.15592150171
1942,1942,2369.1895113670003,-47193.61628313192
1943,1943,2370.5544505810003,-47367.56043417212
1944,1944,2371.8473388840002,-47226.19481906935
1945,1945,2373.016694851,-47246.111716116895
1946,1946,2374.215614873,-47222.582754925264
1947,1947,2375.508705203,-47193.45300404381
1948,1948,2376.869259102,-47360.17673599954
1949,1949,2378.216725108,-47299.42182325868
1950,1950,2379.551644736,-47324.62824306986
1951,1951,2380.746212524,-47285.48842828534
1952,1952,2381.989602702,-47158.73156714969
1953,1953,2383.246303031,-47181.15272293182
1954,1954,2384.601329044,-47399.719145887335
1955,1955,2385.8057018169998,-47232.69737941247
1956,1956,2387.024976076,-47359.40183782895
1957,1957,2388.263597471,-47345.59543661055
1958,1958,2389.670843411,-47333.64975271172
1959,1959,2390.8592062420003,-47269.675217747215
1960,1960,2391.994991151,-47480.67207413414
1961,1961,2393.24168567,-47197.89423999726
1962,1962,2394.524652485,-47313.98795151858
1963,1963,2395.866306233,-47351.03270674115
1964,1964,2397.0133056990003,-47245.255018088006
1965,1965,2398.252918298,-47252.67669029926
1966,1966,2399.441165013,-47303.89948208836
1967,1967,2400.608689658,-47369.028124640776
1968,1968,2402.0332360740003,-47096.661370237875
1969,1969,2403.240959936,-47258.18380762232
1970,1970,2404.497056473,-47128.539185062225
1971,1971,2405.754457483,-47256.0256331571
1972,1972,2407.0843499059997,-47307.5840535913
1973,1973,2408.328271711,-47411.3426744399
1974,1974,2409.5075552119997,-47186.76338823858
1975,1975,2410.712892577,-47404.929032764834
1976,1976,2411.907062708,-47322.07015818626
1977,1977,2413.315381826,-47283.04841914292
1978,1978,2414.469977412,-47551.0507354321
1979,1979,2415.71674118,-47310.57645873679
1980,1980,2416.8401705740002,-47367.97996235792
1981,1981,2418.095498952,-47108.46107911211
1982,1982,2419.39494592,-47237.80119463769
1983,1983,2420.642109222,-47343.61267253614
1984,1984,2421.800956677,-47164.000910679126
1985,1985,2423.0391068159997,-47296.64273213198
1986,1986,2424.208724961,-47297.16425995925
1987,1987,2425.257849561,-47591.047560295316
1988,1988,2426.4311198220003,-47289.18529046198
1989,1989,2427.6357925089997,-47213.39109174786
1990,1990,2429.075275814,-47194.32558253686
1991,1991,2430.2199146810003,-47326.889384596136
1992,1992,2431.4964343320003,-47297.97142032564
1993,1993,2432.6151666859996,-47326.41092911703
1994,1994,2433.940554177,-47175.983338648584
1995,1995,2435.465588685,-47343.911895740806
1996,1996,2436.63321962,-47191.99706235067
1997,1997,2437.825208953,-47154.227649204855
1998,1998,2439.04486456,-47274.27012344005
1999,1999,2440.478771557,-47169.10133528615
2000,2000,2441.6962041859997,-47322.172729325364
2001,2001,2442.836764638,-47308.14620344378
2002,2002,2444.1763446980003,-47330.06228322051
2003,2003,2445.4569869869997,-47199.404479409466
2004,2004,2446.823046561,-47382.992778006235
2005,2005,2447.994706562,-47303.25006350021
2006,2006,2449.150222606,-47165.02850331569
2007,2007,2450.308978824,-47257.49939636183
2008,2008,2451.531832864,-47345.88876856455
2009,2009,2453.05474792,-47330.05222896918
2010,2010,2454.262623557,-47276.57333957277
2011,2011,2455.505223067,-47256.712098687356
2012,2012,2456.656781705,-47093.89448939874
2013,2013,2458.11587227,-47231.34443761667
2014,2014,2459.371760026,-47282.038061067666
2015,2015,2460.5001020160003,-47063.88420769906
2016,2016,2461.619824542,-47194.526162756556
2017,2017,2462.775721408,-47177.0248126754
2018,2018,2464.204275589,-47287.351110711235
2019,2019,2465.590339513,-47343.12114604591
2020,2020,2466.867395918,-47280.43629969852
2021,2021,2468.193161696,-47424.003833523704
2022,2022,2469.477334479,-47131.9614511514
2023,2023,2470.708018324,-47187.346754457554
2024,2024,2472.080014496,-47395.82571289051
2025,2025,2473.267485074,-47230.0615918786
2026,2026,2474.396545536,-47403.7932232059
2027,2027,2475.72716295,-47270.296196661686
2028,2028,2477.014580145,-47166.75652797721
2029,2029,2478.321124527,-47378.69236792361
2030,2030,2479.7153119080003,-46988.20461773904
2031,2031,2480.960439065,-47203.33415977931
2032,2032,2482.2131963710003,-47166.720923140885
2033,2033,2483.331957117,-47076.44912041499
2034,2034,2484.529122281,-47273.02250001527
2035,2035,2485.948223108,-47288.987952086376
2036,2036,2487.112364311,-47436.54893373241
2037,2037,2488.2865898410005,-47306.33963962084
2038,2038,2489.560114461,-47109.57210462399
2039,2039,2491.004176932,-47109.022336751164
2040,2040,2492.286305428,-47287.64578140736
2041,2041,2493.596926035,-47227.6900666654
2042,2042,2494.802148809,-47285.77871139655
2043,2043,2496.0419520510004,-47203.49093199148
2044,2044,2497.384040835,-47177.38688647789
2045,2045,2498.549628963,-47080.464875921316
2046,2046,2499.6241788750003,-47479.54520257877
2047,2047,2500.8346979300004,-47435.114658005725
2048,2048,2502.176813502,-47327.72072436467
2049,2049,2503.428262195,-47247.29944416911
2050,2050,2504.674112735,-47258.2682254216
2051,2051,2505.8868237310003,-47331.78029613664
2052,2052,2507.211897903,-47299.108532294784
2053,2053,2508.595516291,-47251.56526021403
2054,2054,2509.7411803640002,-47292.83950451707
2055,2055,2510.822035272,-47366.0783552779
2056,2056,2512.079800504,-47114.340380754664
2057,2057,2513.542694255,-47286.68819404099
2058,2058,2514.72174997,-47242.54347332411
2059,2059,2515.83816469,-47330.706664695936
2060,2060,2517.0807061220003,-47061.722675322504
2061,2061,2518.185174742,-47213.90108577844
2062,2062,2519.393885049,-47195.16979878802
2063,2063,2520.903556543,-47383.439855906894
2064,2064,2522.115382211,-47099.87204470592
2065,2065,2523.306467616,-47251.677130919226
2066,2066,2524.564786734,-47433.03521682322
2067,2067,2525.767104442,-47266.970547165096
2068,2068,2526.973772847,-47279.91154390903
2069,2069,2528.223397198,-47287.61554800818
2070,2070,2529.228553164,-47168.4356080304
2071,2071,2530.522578563,-47485.780096407216
2072,2072,2531.737317985,-47227.74435733878
2073,2073,2532.931687453,-47348.41609194613
2074,2074,2534.294878436,-47267.11710703218
2075,2075,2535.3982287119998,-47107.48870197066
2076,2076,2536.4830861789997,-47297.81792386019
2077,2077,2537.7247404510003,-47261.3878232404
2078,2078,2538.941394241,-47292.284910934344
2079,2079,2540.302058739,-47352.50925077315
2080,2080,2541.419638882,-47267.34285082674
2081,2081,2542.653596698,-47112.42554317563
2082,2082,2543.814537487,-47286.98172920865
2083,2083,2545.1837991670004,-47108.50978882553
2084,2084,2546.290772686,-47226.47970144825
2085,2085,2547.4898313390004,-47143.2833363114
2086,2086,2548.6727112139997,-47267.3345204529
2087,2087,2549.9184327790003,-47128.688339452005
2088,2088,2551.274146917,-47158.31116290368
2089,2089,2552.363661412,-47201.61593412751
2090,2090,2553.6034317930003,-47292.291226318695
2091,2091,2554.799670368,-47133.35951159902
2092,2092,2556.043391096,-47180.815128763126
2093,2093,2557.3228091429996,-47437.48194729647
2094,2094,2558.472865928,-47340.411808730205
2095,2095,2559.615630189,-47291.76275188824
2096,2096,2560.762198818,-47092.97478985204
2097,2097,2562.071612808,-47448.891691694604
2098,2098,2563.334145967,-47239.955514897236
2099,2099,2564.4816510640003,-47158.53935084183
2100,2100,2565.589975403,-47097.141312599546
2101,2101,2566.8026800830003,-47253.433283993174
2102,2102,2568.2239360930002,-47355.153237850165
2103,2103,2569.4720204369996,-47213.96119342563
2104,2104,2570.58823943,-47346.74357326515
2105,2105,2571.744153347,-47125.34034614036
2106,2106,2572.960437607,-47277.83851201942
2107,2107,2574.1647165060003,-47218.946122046276
2108,2108,2575.5157166980002,-47185.01039414546
2109,2109,2576.761275899,-47200.61720718465
2110,2110,2578.041586592,-47278.16878700058
2111,2111,2579.254004061,-47380.69946920685
2112,2112,2580.498040154,-47374.7949881494
2113,2113,2581.574242728,-47189.960768552715
2114,2114,2582.836772466,-47275.60115138711
2115,2115,2584.1258380510003,-47130.53202491593
2116,2116,2585.36267864,-47214.2038761916
2117,2117,2586.780902557,-47196.17120657115
2118,2118,2587.878270264,-47191.359062999756
2119,2119,2589.183093057,-47232.317074323226
2120,2120,2590.495912079,-47083.190425084074
2121,2121,2591.802155056,-47510.28748435111
2122,2122,2593.105957424,-47192.18560416277
2123,2123,2594.265647429,-47386.548668700874
2124,2124,2595.441220341,-47229.362935148674
2125,2125,2596.830605744,-47504.34984183006
2126,2126,2598.0362742690004,-47192.692948507145
2127,2127,2599.237114009,-47211.12951871869
2128,2128,2600.429172445,-47309.68564867353
2129,2129,2601.733396324,-47268.81994292107
2130,2130,2603.06856927,-47245.930858306245
2131,2131,2604.326826679,-47244.9058186661
2132,2132,2605.733034455,-47292.35387279068
2133,2133,2607.003632783,-47188.78224556225
2134,2134,2608.31385923,-47368.705924552116
2135,2135,2609.4959423170003,-47206.33224301379
2136,2136,2610.679896311,-47243.33399798783
2137,2137,2612.104043566,-47270.63728230883
2138,2138,2613.259595789,-47196.53785342256
2139,2139,2614.3531468819997,-47324.572923300526
2140,2140,2615.607816275,-47103.78492794458
2141,2141,2616.8683956200002,-47390.55894100528
2142,2142,2618.233605906,-47245.42370907137
2143,2143,2619.41256117,-47382.072360727354
2144,2144,2620.711678687,-47284.52978651443
2145,2145,2622.0748331550003,-46984.55775138179
2146,2146,2623.492114516,-47211.55321952731
2147,2147,2624.582435151,-47257.62696095232
2148,2148,2625.766274694,-47342.17524115091
2149,2149,2627.0904819240004,-47099.30511992406
2150,2150,2628.232740737,-47592.34443479269
2151,2151,2629.632376481,-47151.23465238082
2152,2152,2630.818292489,-47172.64763629504
2153,2153,2632.133616751,-47284.19058292357
2154,2154,2633.555823991,-47231.55646963985
2155,2155,2634.7440657760003,-47167.59437017149
2156,2156,2635.871158636,-47123.54154640783
2157,2157,2637.16306049,-47228.57453397288
2158,2158,2638.661639934,-47079.813201626464
2159,2159,2639.966440219,-47100.0803861929
2160,2160,2641.2559208380003,-47053.05873292509
2161,2161,2642.451046531,-47312.446160636835
2162,2162,2643.619683106,-46919.54836067838
2163,2163,2644.828676689,-47307.728612346444
2164,2164,2646.255010931,-47326.29102849531
2165,2165,2647.3885316130004,-47208.37818218297
2166,2166,2648.5891725170004,-47298.35200966165
2167,2167,2649.673697615,-47272.44356853475
2168,2168,2650.7860872740002,-47097.93019345032
2169,2169,2652.247564182,-47302.24947182796
2170,2170,2653.4489553840003,-47280.29805223299
2171,2171,2654.6544556470003,-47287.44900540308
2172,2172,2655.897162277,-47338.578326867544
2173,2173,2657.103921344,-47364.09388423035
2174,2174,2658.4655783549997,-47062.440749311965
2175,2175,2659.908383764,-47252.47254416431
2176,2176,2661.231685388,-47322.31727039465
2177,2177,2662.53906521,-47149.34835043053
2178,2178,2663.680004723,-47208.11202280219
2179,2179,2664.847262233,-47309.67829769591
2180,2180,2666.2553831040004,-47225.9276108908
2181,2181,2667.446042638,-47304.093462002624
2182,2182,2668.582436691,-47281.567792138005
2183,2183,2669.597932453,-47271.784614537544
2184,2184,2670.885235762,-47241.02671141682
2185,2185,2672.1470565229997,-47131.08099662631
2186,2186,2673.504290061,-47240.39913629613
2187,2187,2674.687059345,-47147.34529167248
2188,2188,2675.809939727,-47331.4909202251
2189,2189,2677.288198044,-47190.784193539286
2190,2190,2678.591968175,-47378.32281518035
2191,2191,2679.964619053,-47306.00151950699
2192,2192,2681.462824579,-47159.833180067995
2193,2193,2682.737323682,-47005.768433616206
2194,2194,2684.044446664,-47222.90444437059
2195,2195,2685.505119415,-47219.65571694137
2196,2196,2686.87108524,-47299.049490200494
2197,2197,2687.989465502,-47278.93190339235
2198,2198,2689.165384176,-47191.24697027476
2199,2199,2690.577018896,-47510.94872265117
2200,2200,2692.016431916,-47303.08123068906
2201,2201,2693.356899755,-47214.07675974526
2202,2202,2694.7453701249997,-47188.20359907602
2203,2203,2695.959385338,-47342.81166305421
2204,2204,2697.24274451,-47217.33746392981
2205,2205,2698.545147962,-47143.04188664347
2206,2206,2699.923147394,-47196.2370300743
2207,2207,2701.518388319,-47398.06836651161
2208,2208,2702.83239268,-47307.68753179468
2209,2209,2704.119388955,-47074.14569579585
2210,2210,2705.413658338,-47200.641708195675
2211,2211,2706.71463271,-47303.475424640244
2212,2212,2708.234201639,-47188.479804887334
2213,2213,2709.3983868530004,-47180.5699791146
2214,2214,2710.5814560090002,-47404.34354948294
2215,2215,2711.810826513,-47345.08727775815
2216,2216,2713.0709007839996,-47380.64651385351
2217,2217,2714.313336025,-47395.49262168228
2218,2218,2715.489529544,-47049.54110192381
2219,2219,2716.633111788,-47261.74770235078
2220,2220,2717.784680326,-47206.877080816084
2221,2221,2719.2758162,-47310.35514849902
2222,2222,2720.42558962,-47374.00761219665
2223,2223,2721.529369426,-47401.71306098086
2224,2224,2722.747893077,-47261.415843304036
2225,2225,2724.07402982,-47083.34464472803
2226,2226,2725.283140482,-47164.50751827531
2227,2227,2726.701215904,-47363.85066756272
2228,2228,2727.960379574,-47264.15294176359
2229,2229,2729.197618795,-47204.407515431194
2230,2230,2730.456735583,-47221.994939462245
2231,2231,2731.792621837,-47366.43157689712
2232,2232,2732.853638322,-47408.63410896692
2233,2233,2734.1355518550004,-47047.29809685237
2234,2234,2735.415737851,-46984.92112136384
2235,2235,2736.658450454,-47102.723314505165
2236,2236,2738.083841745,-47393.990439731286
2237,2237,2739.240930817,-47289.92834276989
2238,2238,2740.430485502,-46957.08731827681
2239,2239,2741.58643476,-47321.82217955863
2240,2240,2742.760534117,-47056.49849299532
2241,2241,2744.033662582,-47289.79715372166
2242,2242,2745.245019273,-47148.28328914757
2243,2243,2746.740078833,-47117.21448512132
2244,2244,2748.030709383,-46981.78534327023
2245,2245,2749.2659528609997,-47189.11869553849
2246,2246,2750.472767331,-47289.60601882503
2247,2247,2751.704074573,-47223.43420290257
2248,2248,2753.158794861,-47136.42124417682
2249,2249,2754.315936307,-47335.09855664408
2250,2250,2755.4407845260002,-47453.65828605265
2251,2251,2756.698999105,-46992.06566653753
2252,2252,2758.09744545,-47439.62070872985
2253,2253,2759.4200068689997,-47320.2968621896
2254,2254,2760.6797948460003,-47451.5539375879
2255,2255,2761.9137885130003,-47204.59779172559
2256,2256,2763.132236628,-47261.84737182217
2257,2257,2764.499026788,-47405.23213560296
2258,2258,2765.746554978,-47285.88004438304
2259,2259,2766.925373555,-47118.75443196748
2260,2260,2768.151722923,-47315.43966757354
2261,2261,2769.360267607,-47202.96358610384
2262,2262,2770.7015655709997,-47414.6203167817
2263,2263,2772.00389216,-47445.00951048862
2264,2264,2773.2934408419997,-47287.83073735762
2265,2265,2774.521824436,-47264.492973602224
2266,2266,2776.029364522,-47128.85416034439
2267,2267,2777.298968395,-47223.006115134776
2268,2268,2778.861220876,-47386.043572874034
2269,2269,2780.111087496,-47078.33537281887
2270,2270,2781.4613359130003,-47297.723548210444
2271,2271,2782.761183036,-47338.89205531313
2272,2272,2784.0873604370004,-47297.394928370086
2273,2273,2785.4189315360004,-47260.39816801506
2274,2274,2786.743115572,-47213.853188880086
2275,2275,2787.8024783660003,-47614.47170822284
2276,2276,2789.3265773089997,-47445.82873385645
2277,2277,2790.758912587,-47338.0212935493
2278,2278,2791.92890588,-47421.73485616765
2279,2279,2793.0772840980003,-47603.44590526564
2280,2280,2794.229722155,-46854.376340639086
2281,2281,2795.472952999,-47093.75906224889
2282,2282,2796.981656543,-47296.97210461037
2283,2283,2798.162126511,-47410.08748098246
2284,2284,2799.5004197539997,-47214.89113675025
2285,2285,2800.61179599,-47324.04660563018
2286,2286,2801.7712469890002,-47164.99450899389
2287,2287,2802.959805805,-47222.28837154623
2288,2288,2804.2976009559998,-47074.10922367679
2289,2289,2805.519390203,-47187.25942863947
2290,2290,2806.807051667,-47233.43729105494
2291,2291,2808.224502562,-46983.43580403567
2292,2292,2809.637620965,-47302.02738923422
2293,2293,2810.9289525219997,-47548.23316074389
2294,2294,2812.096829773,-47071.81277315281
2295,2295,2813.242394832,-47203.006745051505
2296,2296,2814.692311169,-47240.67036388376
2297,2297,2815.9686940310003,-47293.0429372784
2298,2298,2817.156845915,-47274.38104109584
2299,2299,2818.365817672,-47279.774630135355
2300,2300,2819.817813316,-47444.29716223707
2301,2301,2821.078113827,-47173.099848128506
2302,2302,2822.24947197,-47173.36559684092
2303,2303,2823.408179504,-47123.6781697125
2304,2304,2824.853325244,-47503.01201924078
2305,2305,2826.1043371839996,-47178.687485494636
2306,2306,2827.283841755,-47295.75537142103
2307,2307,2828.520915317,-47340.25701173566
2308,2308,2829.7505375,-47089.81290936122
2309,2309,2831.012797272,-47328.628177359176
2310,2310,2832.384096254,-47255.92021721984
2311,2311,2833.604459989,-47188.37939245714
2312,2312,2834.7096132439997,-47203.26088952603
2313,2313,2835.822106916,-47281.7080121663
2314,2314,2837.10473253,-47293.734285110804
2315,2315,2838.5211582809998,-47184.37022057356
2316,2316,2839.7796158039996,-47359.180068416565
2317,2317,2840.938781974,-47210.934360874904
2318,2318,2842.197580293,-47307.88201054938
2319,2319,2843.409263237,-47296.12728920338
2320,2320,2844.72624867,-47403.537562295285
2321,2321,2845.984904446,-47197.53886570331
2322,2322,2847.181704561,-47245.40239967008
2323,2323,2848.4383276920003,-47001.12617449228
2324,2324,2849.858017344,-47298.354340877246
2325,2325,2851.13417214,-47101.27588289099
2326,2326,2852.5715226830002,-47164.88403812066
2327,2327,2853.77175217,-47205.95984748561
2328,2328,2855.0525153609997,-47298.87284189352
2329,2329,2856.281057313,-47088.330159113
2330,2330,2857.547915925,-47177.291359962415
2331,2331,2858.848359942,-47265.23265185546
2332,2332,2860.192437794,-47231.80562119983
2333,2333,2861.304980415,-47160.55541908217
2334,2334,2862.436580943,-47260.19312885603
2335,2335,2863.525732654,-47194.59390152462
2336,2336,2864.8024715829997,-47302.975022770974
2337,2337,2866.0825321300003,-47334.04487090972
2338,2338,2867.426447707,-47326.495073966726
2339,2339,2868.745811186,-47197.53355922068
2340,2340,2870.164542557,-47345.827236332705
2341,2341,2871.773506124,-47054.97546750352
2342,2342,2873.030517013,-47352.78431821057
2343,2343,2874.174372606,-47278.88649654316
2344,2344,2875.2879387949997,-47185.83147625674
2345,2345,2876.5782519189997,-47245.39680480892
2346,2346,2877.9185570600002,-47427.11367229128
2347,2347,2879.377387913,-47164.5505988031
2348,2348,2880.6915743030004,-47377.1368497056
2349,2349,2881.921272494,-47277.874451888754
2350,2350,2883.078871098,-47363.791092763524
2351,2351,2884.289009404,-47439.71473880327
2352,2352,2885.5335707120003,-47089.05796459081
2353,2353,2886.948638768,-46981.61115117825
2354,2354,2888.057360244,-47268.47209256154
2355,2355,2889.2409999449997,-47366.61521940717
2356,2356,2890.408531982,-47484.066591077
2357,2357,2891.770938793,-47142.73157587502
2358,2358,2893.111799064,-47170.26455750633
2359,2359,2894.369783007,-47255.677256270406
2360,2360,2895.619163603,-47448.04771736001
2361,2361,2896.7546839919996,-47271.373142197415
2362,2362,2898.0534643510005,-47401.93772497622
2363,2363,2899.314585362,-47382.71879261011
2364,2364,2900.512787661,-47345.12219248211
2365,2365,2901.650272487,-47274.412618978706
2366,2366,2902.706446644,-47481.74530211305
2367,2367,2904.1682971470004,-47216.77906667508
2368,2368,2905.356795622,-47178.03666820827
2369,2369,2906.550009739,-47324.65313444967
2370,2370,2907.8159047619997,-47378.33427820066
2371,2371,2909.199288574,-47185.19639902492
2372,2372,2910.4138286049997,-47082.46656916642
2373,2373,2911.7765972400002,-47193.61591045409
2374,2374,2912.841238735,-47171.49114711415
2375,2375,2914.07520131,-47318.93983605932
2376,2376,2915.266596592,-47285.27089860988
2377,2377,2916.473505271,-47242.41366949238
2378,2378,2917.656736951,-47311.98598787816
2379,2379,2918.8702152670003,-47244.9961834405
2380,2380,2920.023342431,-47262.224430967995
2381,2381,2921.3186625430003,-47331.30946423879
2382,2382,2922.704968425,-47229.271125135085
2383,2383,2923.9687580070004,-47410.82467772731
2384,2384,2925.177950143,-47313.82823718899
2385,2385,2926.3657452079997,-47092.43492158484
2386,2386,2927.71873538,-47270.50477412384
2387,2387,2929.085378107,-47106.84646934731
2388,2388,2930.279281654,-47469.79728933334
2389,2389,2931.679811159,-47237.03730357485
2390,2390,2932.83116937,-47389.30652936372
2391,2391,2934.0450245340003,-47274.338172118325
2392,2392,2935.404305535,-47313.916840323276
2393,2393,2936.693901877,-47276.67947921967
2394,2394,2938.1319178530002,-47511.03655505
2395,2395,2939.357448782,-47383.680442997276
2396,2396,2940.621406697,-47242.33299842876
2397,2397,2941.981644171,-47234.907241479574
2398,2398,2943.331044,-47149.93204555732
2399,2399,2944.7628845430004,-47378.35087302372
2400,2400,2946.008535028,-47374.536312059274
2401,2401,2947.241492299,-47279.68714940129
2402,2402,2948.4293219710003,-47288.37678374246
2403,2403,2949.838155629,-47175.58651259164
2404,2404,2951.108788491,-47119.83317631858
2405,2405,2952.179613945,-47317.49111747001
2406,2406,2953.3314386370002,-47200.688022701914
2407,2407,2954.598622077,-47361.412920558585
2408,2408,2955.9693041230003,-47131.401060181284
2409,2409,2957.1582979190002,-47273.68526452261
2410,2410,2958.2186357749997,-47304.639744482105
2411,2411,2959.3921052660003,-47154.86242367959
2412,2412,2960.627635059,-47072.732730058284
2413,2413,2961.795630155,-47361.57728841812
2414,2414,2963.301959479,-47436.43078389001
2415,2415,2964.3841819500003,-47053.43199029975
2416,2416,2965.582889185,-47379.602042665385
2417,2417,2966.751502077,-47180.38802963085
2418,2418,2968.031953837,-47231.860061288564
2419,2419,2969.0913928610003,-47208.373730907566
2420,2420,2970.3304316480003,-47252.66794748586
2421,2421,2971.5454782770003,-47129.88878204409
2422,2422,2972.6087860360003,-47333.474723561856
2423,2423,2973.970390173,-47315.03711553867
2424,2424,2975.144238463,-47119.102605443324
2425,2425,2976.364715943,-47183.83097391209
2426,2426,2977.507340405,-47298.30987248201
2427,2427,2978.6597611469997,-47394.635819120726
2428,2428,2979.953014384,-47114.54993355136
2429,2429,2981.1898770949997,-47292.16097171081
2430,2430,2982.719446351,-47266.81670900386
2431,2431,2983.989964046,-47125.850813433215
2432,2432,2985.098887438,-47270.12114464071
2433,2433,2986.268275478,-47214.41183948624
2434,2434,2987.5273553730003,-47236.7504931902
2435,2435,2988.9205760190002,-47282.83311672046
2436,2436,2990.077504191,-47493.394083906904
2437,2437,2991.3058021610004,-47170.584477602104
2438,2438,2992.4079640470004,-47340.70592180733
2439,2439,2993.688130918,-47217.0602212212
2440,2440,2995.042958196,-47040.848653873036
2441,2441,2996.222536831,-47164.2823205735
2442,2442,2997.5209270210003,-47177.46669465605
2443,2443,2998.5836562470004,-47312.52986709851
2444,2444,2999.913634953,-47320.37322587403
2445,2445,3001.269080819,-47117.25653495543
2446,2446,3002.5063978539997,-47236.21689852794
2447,2447,3003.628949774,-47240.767361869715
2448,2448,3004.8888263460003,-47181.58527126469
2449,2449,3006.292752106,-47223.291134710526
2450,2450,3007.601397234,-47322.85047232274
2451,2451,3008.836899249,-47143.14342731113
2452,2452,3010.0720158890003,-47357.37081873351
2453,2453,3011.3576912930002,-47197.21284700173
2454,2454,3012.505918001,-47224.83661279654
2455,2455,3013.938794148,-47426.2744517466
2456,2456,3015.177107935,-47215.678068829075
2457,2457,3016.387969432,-47379.5286707459
2458,2458,3017.562328943,-47173.77869644419
2459,2459,3018.793831793,-47166.968244672295
2460,2460,3019.9923163840003,-47153.17357197227
2461,2461,3021.3364503549997,-47202.65325015067
2462,2462,3022.572369246,-46987.67306480155
2463,2463,3023.68313245,-47320.273305711635
2464,2464,3025.037797458,-47252.03303363405
2465,2465,3026.213742161,-47146.349820580646
2466,2466,3027.47893064,-47304.63636814258
2467,2467,3028.706192514,-47295.6175962444
2468,2468,3029.877540167,-47195.29417840302
2469,2469,3031.308676566,-47218.242115935784
2470,2470,3032.5199405519998,-47199.34913595985
2471,2471,3033.9111721950003,-47346.05906282447
2472,2472,3035.074055345,-47315.46123499198
2473,2473,3036.3102621010003,-47159.36614372287
2474,2474,3037.546702785,-47142.860720472614
2475,2475,3038.783604264,-47394.10917270183
2476,2476,3040.172656413,-47071.79396708395
2477,2477,3041.293834876,-47233.815830496475
2478,2478,3042.465942524,-47366.04641709039
2479,2479,3043.630679225,-47359.06695734635
2480,2480,3044.7711952030004,-47283.68710193717
2481,2481,3046.086089964,-47343.75936398759
2482,2482,3047.239488049,-47197.378843992556
2483,2483,3048.410987788,-47149.4886206245
2484,2484,3049.5207850720003,-46967.14733724316
2485,2485,3050.988370713,-47311.16117704948
2486,2486,3052.301531085,-47497.079936142276
2487,2487,3053.54220267,-47264.3971865094
2488,2488,3054.745909074,-47152.53857566927
2489,2489,3056.109098583,-47297.4519416757
2490,2490,3057.438978884,-47210.21242929747
2491,2491,3058.648722677,-47246.90387724955
2492,2492,3059.916010392,-47076.63664212073
2493,2493,3061.2252667820003,-47172.90641842456
2494,2494,3062.435627059,-47284.55161797126
2495,2495,3063.719121569,-47424.98994237568
2496,2496,3064.873179217,-47274.82099003453
2497,2497,3066.099230413,-47070.41468268206
2498,2498,3067.2377277600003,-47199.45754049976
2499,2499,3068.50196501,-47109.361292176596
2500,2500,3069.656403896,-47280.57393447672
2501,2501,3070.972423802,-47281.15924018923
2502,2502,3072.2292795350004,-47386.15321672615
2503,2503,3073.44261571,-47154.5395772313
2504,2504,3074.605651513,-47079.82566283472
2505,2505,3075.7661231829998,-47318.04617157298
2506,2506,3076.97329275,-47428.16383781751
2507,2507,3078.079796143,-47311.763653843445
2508,2508,3079.388793092,-47324.075638001814
2509,2509,3080.608825973,-47137.40749564567
2510,2510,3081.869162283,-47339.58858186513
2511,2511,3083.1450134379998,-47259.52500414595
2512,2512,3084.260932414,-47323.55841230789
2513,2513,3085.476109414,-47239.73958993473
2514,2514,3086.874515268,-47257.088051067476
2515,2515,3088.125177664,-47308.108496644694
2516,2516,3089.462561212,-47477.975539865416
2517,2517,3090.646920821,-47394.671251542706
2518,2518,3092.037874726,-47195.47814833047
2519,2519,3093.549644049,-47288.24606854922
2520,2520,3094.857483279,-47164.283444435685
2521,2521,3096.2842440400004,-47247.26813933809
2522,2522,3097.5693681860002,-47148.96870192784
2523,2523,3098.947417647,-47011.145077915775
2524,2524,3100.207711144,-47305.95658272483
2525,2525,3101.359365412,-47157.96682504458
2526,2526,3102.523451924,-47349.664396134904
2527,2527,3103.727046248,-47197.884645886385
2528,2528,3104.7705557460004,-47291.44241592001
2529,2529,3105.978351715,-47336.84341105089
2530,2530,3107.128636198,-47193.22332527089
2531,2531,3108.343151543,-47305.738290956
2532,2532,3109.564854365,-47529.68716393234
2533,2533,3110.813959216,-47170.261343306636
2534,2534,3112.120605273,-47207.14296121857
2535,2535,3113.37449454,-47304.59316420686
2536,2536,3114.618127837,-47313.12548562076
2537,2537,3115.920972801,-47239.75192924447
2538,2538,3117.338984172,-47259.04430313317
2539,2539,3118.583301039,-47009.555904282155
2540,2540,3119.824111401,-47143.52916428072
2541,2541,3121.062773087,-47258.36014939998
2542,2542,3122.213629088,-47382.30119848247
2543,2543,3123.3830897420003,-47408.660457951075
2544,2544,3124.691643799,-47368.98682911411
2545,2545,3125.7591277220004,-47220.191834826925
2546,2546,3126.828422396,-47394.602344092586
2547,2547,3127.917110764,-47249.13039573372
2548,2548,3129.109163995,-47308.137493533286
2549,2549,3130.489023002,-47300.292505188605
2550,2550,3131.5502847420003,-47309.10105505193
2551,2551,3132.7806483719996,-47068.54401315614
2552,2552,3134.0469256090005,-47294.06573402282
2553,2553,3135.282053056,-47252.591113165014
2554,2554,3136.3954240210005,-47106.811728438515
2555,2555,3137.6563353130005,-47349.62269454126
2556,2556,3138.8454357769997,-47368.654054936684
2557,2557,3140.1010303559997,-47131.540612674864
2558,2558,3141.2438948970002,-47169.569172669915
2559,2559,3142.5756731929996,-47229.67972708142
2560,2560,3143.806010592,-47279.40116308091
2561,2561,3145.1217958400002,-47239.06470858869
2562,2562,3146.3103088360003,-47312.23184983036
2563,2563,3147.5395616630003,-47275.454587843495
2564,2564,3148.860808497,-47255.83975970204
2565,2565,3149.959014136,-47293.54308407984
2566,2566,3150.9755308030003,-47227.63878959939
2567,2567,3151.949578719,-47326.91487691188
2568,2568,3153.051320953,-47404.385060764056
2569,2569,3154.301991369,-47236.10197460599
2570,2570,3155.39342041,-47300.2973830412
2571,2571,3156.5581456379996,-47436.41190182899
2572,2572,3157.9381324940005,-47220.156801478755
2573,2573,3159.094771469,-47240.22042853162
2574,2574,3160.3125839359996,-47325.048047214324
2575,2575,3161.4102422309998,-47232.87250476955
2576,2576,3162.5280214599998,-47357.65370234887
2577,2577,3163.778229577,-47248.905198204506
2578,2578,3164.84215182,-47211.685707727236
2579,2579,3166.100208476,-47154.92756309812
2580,2580,3167.1772267710003,-47146.834946172225
2581,2581,3168.3413073950005,-47093.22130396789
2582,2582,3169.4659242260004,-47159.08719076705
2583,2583,3170.6533899620003,-47107.1252442212
2584,2584,3171.979732854,-47118.412537856115
2585,2585,3173.0887696229997,-47209.38707858008
2586,2586,3174.1823756559997,-47194.01149813054
2587,2587,3175.3203170369998,-47157.36553704676
2588,2588,3176.510912812,-47518.42256036104
2589,2589,3177.8414920449995,-47333.066352402726
2590,2590,3179.0280453100004,-47320.67561924981
2591,2591,3180.0533139189997,-47107.92086053488
2592,2592,3181.1389197020003,-47270.39187765957
2593,2593,3182.308364566,-47393.75075297249
2594,2594,3183.3849444489997,-47382.70988192809
2595,2595,3184.458937839,-47447.834024566975
2596,2596,3185.665341623,-47227.798123048095
2597,2597,3186.9242416490006,-47193.00098608093
2598,2598,3188.2356543550004,-47253.86753080044
2599,2599,3189.469613518,-47306.03082565811
2600,2600,3190.694457307,-47160.54459465326
2601,2601,3191.970927874,-47219.92906498825
2602,2602,3192.9424456070005,-47193.260083922025
2603,2603,3194.107162314,-47301.514256189206
2604,2604,3195.2610330169996,-47259.0026491238
2605,2605,3196.6521903730004,-47447.5139161955
2606,2606,3197.75977151,-47254.17687069876
2607,2607,3198.950984536,-47124.65926314385
2608,2608,3200.1403952920004,-47246.33421543211
2609,2609,3201.2326408060003,-47457.52630932511
2610,2610,3202.365414616,-47278.519515386935
2611,2611,3203.633535714,-47318.50817310935
2612,2612,3205.0344525550004,-47280.929678597015
2613,2613,3206.155208057,-47143.259528167524
2614,2614,3207.4090557600002,-47297.61452936948
2615,2615,3208.4911485300004,-47129.0644036653
2616,2616,3209.929907077,-47199.12486653991
2617,2617,3211.0913085220004,-47102.50257975266
2618,2618,3212.202754867,-47202.61533377465
2619,2619,3213.3957219480003,-47098.55336174288
2620,2620,3214.740023011,-47237.329970289386
2621,2621,3215.963791244,-47155.26351567373
2622,2622,3217.0404164379997,-47117.891519877245
2623,2623,3218.1668499380003,-47328.50751494441
2624,2624,3219.279119352,-47416.75578853298
2625,2625,3220.3862676080003,-47373.1538649332
2626,2626,3221.651699555,-47218.87659755391
2627,2627,3222.6404902890004,-47338.807675820804
2628,2628,3223.7136568680003,-47230.45985453535
2629,2629,3225.0047848560002,-47470.766242517646
2630,2630,3226.1931382979997,-47072.713072446124
2631,2631,3227.147123111,-47347.49850088528
2632,2632,3228.204495254,-47094.855701194676
2633,2633,3229.284590208,-47138.676961459794
2634,2634,3230.3489074589997,-47317.869766533724
2635,2635,3231.657011699,-47230.79806860369
2636,2636,3232.644361902,-47001.91311789903
2637,2637,3233.652499677,-47226.098737461296
2638,2638,3234.749075721,-47183.27491452138
2639,2639,3235.775140487,-47313.95437482969
2640,2640,3236.788223837,-47113.45457536371
2641,2641,3237.9590548230003,-47356.37013776639
2642,2642,3238.9756568939997,-47325.04903959735
2643,2643,3240.028581667,-47292.24454812769
2644,2644,3240.9740592519997,-47467.02333028797
2645,2645,3241.901477839,-47239.10858394022
2646,2646,3242.925028224,-47144.76555005211
2647,2647,3243.863166102,-47345.64971443529
2648,2648,3244.867544306,-47236.983501244606
2649,2649,3245.7669040180003,-47480.992567462614
2650,2650,3246.845249607,-47216.40270756516
2651,2651,3247.8136314680005,-47326.30076696028
2652,2652,3248.9827696250004,-47424.29178403632
2653,2653,3249.9677508750005,-47225.19688145129
2654,2654,3250.9281661620007,-47099.08232332042
2655,2655,3251.778522056,-47088.449018415726
2656,2656,3252.7193623150006,-47280.14923196091
2657,2657,3253.699686517,-47135.70006535909
2658,2658,3254.6587605709997,-47259.90215328014
2659,2659,3255.5582816840006,-47102.92939734223
2660,2660,3256.615881295,-47172.1910974808
2661,2661,3257.8345708200004,-47364.062301753576
2662,2662,3258.7281230500002,-47292.14268566715
2663,2663,3259.7114818499995,-47200.72650328094
2664,2664,3260.7690293989995,-47167.54679394621
2665,2665,3261.914932603,-47344.451165307684
2666,2666,3262.9603149820005,-47272.51939759923
2667,2667,3264.107328308,-47070.036994329676
2668,2668,3265.1967868620004,-47272.809098990816
2669,2669,3266.241287421,-47175.863845728294
2670,2670,3267.287772336,-47151.83875374284
2671,2671,3268.3236082179997,-47269.218706018575
2672,2672,3269.33908759,-47187.511244995054
2673,2673,3270.6003284190006,-47400.53946541269
2674,2674,3271.6764465949996,-47383.48467198206
2675,2675,3272.800307637,-47405.749451498275
2676,2676,3273.716556591,-47235.68024720973
2677,2677,3274.7773952110006,-47277.941822630535
2678,2678,3275.8462871959996,-47340.681520753606
2679,2679,3276.8614466339995,-47182.58971473876
2680,2680,3277.781089128,-47109.559067512826
2681,2681,3278.7470765320004,-47346.822708920394
2682,2682,3279.9102777870003,-47313.361702719645
2683,2683,3280.902490593,-47249.64556741524
2684,2684,3281.9226197850003,-47205.74857831175
2685,2685,3283.1774868730004,-47112.46182987676
2686,2686,3284.1015426720005,-47250.4756369499
2687,2687,3285.094009859,-47279.82228523302
2688,2688,3285.9990407329997,-47373.12921654469
2689,2689,3286.906359982,-47349.71414256694
2690,2690,3288.139041826,-47195.916140849404
2691,2691,3289.1814949189998,-47059.87587356775
2692,2692,3290.164062526,-47297.43339371092
2693,2693,3291.2295407510005,-47244.10209652334
2694,2694,3292.176324115,-46986.712297716134
2695,2695,3293.1420266729997,-47197.24890687211
2696,2696,3294.139784354,-47162.13898542851
2697,2697,3295.224839743,-47198.690905600655
2698,2698,3296.3308359039997,-47185.13509041255
2699,2699,3297.1983102420004,-47376.22759688736
2700,2700,3298.2227797580003,-47301.768852415575
2701,2701,3299.409874769,-47178.73050225919
2702,2702,3300.4376400130004,-47161.62358338477
2703,2703,3301.447607576,-47172.94307790325
2704,2704,3302.4883448429996,-47302.92445261638
2705,2705,3303.5299322470005,-47202.53422202815
2706,2706,3304.789251268,-47109.20928124115
2707,2707,3305.842913837,-47345.662953671424
2708,2708,3306.8252720439996,-47103.697612584445
2709,2709,3307.979539013,-47260.97848493318
2710,2710,3308.886386455,-47268.27966871319
2711,2711,3309.802691546,-47187.062214987694
2712,2712,3310.838742205,-47172.48231799929
2713,2713,3311.698588516,-47307.269323594475
2714,2714,3312.652363067,-47275.20351496898
2715,2715,3313.651327903,-47300.906253371795
2716,2716,3314.460259306,-47402.42896241055
2717,2717,3315.614445247,-47089.44710221814
2718,2718,3316.5042113050004,-47351.36424716536
2719,2719,3317.4357073319998,-47170.455728987574
2720,2720,3318.3960788309996,-47100.927009551684
2721,2721,3319.3701381579995,-47231.082631388475
2722,2722,3320.4718926939995,-47359.994610718335
2723,2723,3321.427458615,-47138.35936637524
2724,2724,3322.517167096,-47033.10247346662
2725,2725,3323.617259001,-47159.270094739244
2726,2726,3324.616023644,-47387.07944034032
2727,2727,3325.624376816,-47627.44472677545
2728,2728,3326.6628897269998,-47223.71757672817
2729,2729,3327.6674589279996,-47366.95451442519
2730,2730,3328.8791493930003,-47201.910206440625
2731,2731,3329.8292423199996,-47100.99436995496
2732,2732,3330.729384093,-47323.70547155304
2733,2733,3331.7224421989995,-47024.776794367746
2734,2734,3332.6809971750004,-47298.860600890665
2735,2735,3333.6212193509996,-47257.12082519344
2736,2736,3334.610799078,-47182.40455805462
2737,2737,3335.662786512,-47194.567887241974
2738,2738,3336.778943564,-47196.01729236819
2739,2739,3337.7213242209996,-47383.400644426896
2740,2740,3338.534115036,-47146.94692327677
2741,2741,3339.446101951,-47295.566574782926
2742,2742,3340.3151308520005,-47233.55788779399
2743,2743,3341.581389585,-47135.364701662766
2744,2744,3342.7680526730005,-47181.432428106724
2745,2745,3343.915522804,-47002.92589111813
2746,2746,3345.160954339,-47150.273565908625
2747,2747,3345.9390692089996,-47048.4300336252
2748,2748,3346.7709991489996,-47220.55835406108
2749,2749,3347.814834207,-47160.1249796948
2750,2750,3348.793912615,-47045.573068335565
2751,2751,3349.6680094200005,-47447.53656727203
2752,2752,3350.5795051759997,-47424.59567289447
2753,2753,3351.317610055,-47324.446305987825
2754,2754,3352.1714459789996,-47439.41749785711
2755,2755,3353.1824502110003,-47036.53352455618
2756,2756,3354.3974722670005,-47173.86391935912
2757,2757,3355.665693556,-47346.745800941506
2758,2758,3356.5283070530004,-47242.180465530306
2759,2759,3357.2630966869997,-47173.00040187888
2760,2760,3358.021409718,-47356.78583713631
2761,2761,3358.7877310139997,-47231.69194913654
2762,2762,3359.8832423779995,-47104.92620102244
2763,2763,3360.60978846,-47172.95951717103
2764,2764,3361.340532029,-47337.75069573566
2765,2765,3362.254055445,-47399.20946974391
2766,2766,3363.1178776689994,-47141.36066459505
2767,2767,3363.8849129709997,-47171.544660168984
2768,2768,3364.635127193,-47368.19254367314
2769,2769,3365.5424108700004,-47337.293106101344
2770,2770,3366.362501602,-47378.65667580862
2771,2771,3367.1034241259995,-47415.93075638635
2772,2772,3367.8431867830004,-47310.03763558463
2773,2773,3368.8688899599997,-47141.85876042482
2774,2774,3369.9569698469995,-47432.420980094044
2775,2775,3370.937129653,-47340.04198763132
2776,2776,3371.7356144870005,-47259.12637995998
2777,2777,3372.672218461,-47413.113524793094
2778,2778,3373.604619188,-47160.883115375735
2779,2779,3374.580230114,-47181.96630636282
2780,2780,3375.3446803969996,-47055.53661200778
2781,2781,3376.4374082720005,-47132.09685452975
2782,2782,3377.5063246740006,-47083.9994278158
2783,2783,3378.4965793020006,-47222.64581346378
2784,2784,3379.4211732629997,-47290.09494250834
2785,2785,3380.233301057,-47350.58597375522
2786,2786,3381.211695717,-47193.186314293234
2787,2787,3382.2649822179997,-47124.02869361442
2788,2788,3383.107910443,-47293.856720765914
2789,2789,3383.930848152,-47186.03045921515
2790,2790,3384.8509582600004,-47147.860516119654
2791,2791,3385.8981159200002,-47217.84414500384
2792,2792,3386.806849978,-47326.096174467515
2793,2793,3387.5923367939995,-47141.24340058618
2794,2794,3388.331421819,-47154.599436243814
2795,2795,3389.139501599,-47227.344366171
2796,2796,3389.88171802,-47238.63051671516
2797,2797,3390.68104773,-47105.22358417188
2798,2798,3391.510036857,-47298.30943777746
2799,2799,3392.395748302,-47171.721949868894
2800,2800,3393.147434024,-47077.12631872437
2801,2801,3394.2674650850004,-47391.02598021828
2802,2802,3395.0648125509997,-47311.667695025884
2803,2803,3396.0599139009996,-47194.926791265294
2804,2804,3397.1327672710004,-47148.79937329479
2805,2805,3397.8713926040004,-47191.152040013105
2806,2806,3398.6043097920005,-47207.62996373814
2807,2807,3399.4391654250003,-47405.4660294825
2808,2808,3400.171869277,-47214.847427966626
2809,2809,3400.9053873959997,-47172.891439971536
2810,2810,3401.721582477,-47209.938003366544
2811,2811,3402.451772034,-47174.76268578903
2812,2812,3403.260975872,-47373.79278305627
2813,2813,3404.0813153319996,-47313.113815831566
2814,2814,3404.827124955,-47380.80377055147
2815,2815,3405.5683261410004,-47417.13256529983
2816,2816,3406.3038787610003,-47248.9821901714
2817,2817,3407.3163063100005,-47100.278569731156
2818,2818,3408.2997281450002,-47318.4773096359
2819,2819,3409.0319552759997,-47374.34738484066
2820,2820,3409.7726445069998,-47274.40540174497
2821,2821,3410.77813785,-47235.10076280761
2822,2822,3411.645988978,-47159.75276873243
2823,2823,3412.504101886,-47241.46243873053
2824,2824,3413.3341746700003,-47097.03980554299
2825,2825,3414.07787499,-47343.173803568294
2826,2826,3415.4230604580002,-47428.93723657308
2827,2827,3416.4959963550004,-47122.71507262594
2828,2828,3417.370293128,-47229.00833336246
2829,2829,3418.1947693909997,-47064.94340390789
2830,2830,3419.018875636,-47363.64023112021
2831,2831,3419.975563776,-47282.221859693826
2832,2832,3420.9774909949997,-47003.46351129218
2833,2833,3421.8367730380005,-47039.37397997438
2834,2834,3422.5826141549996,-47380.4898154973
2835,2835,3423.4346739350003,-47061.32244388582
2836,2836,3424.202694059,-47322.3853650304
2837,2837,3424.986489686,-47243.9779332215
2838,2838,3425.9904462960003,-47278.78907765828
2839,2839,3426.7245085689997,-47309.2449513332
2840,2840,3427.445275298,-47276.96006467364
2841,2841,3428.164470164,-47168.383132014824
2842,2842,3428.8829397819995,-47247.9958455154
2843,2843,3429.730850483,-47430.12994634504
2844,2844,3430.4497112780004,-47324.247527041785
2845,2845,3431.3133835290005,-47151.89340677645
2846,2846,3432.0233752080003,-47151.21623989286
2847,2847,3432.7369988349997,-47301.078219569805
2848,2848,3433.7989638270005,-47226.926914056894
2849,2849,3434.522221056,-47130.26814629696
2850,2850,3435.375165556,-47146.13624252263
2851,2851,3436.1020654569998,-47410.161434748086
2852,2852,3436.896752886,-47244.05189075079
2853,2853,3437.684383933,-47201.66556995991
2854,2854,3438.5282945310005,-47345.976216457544
2855,2855,3439.236223018,-47252.26133854289
2856,2856,3439.942094411,-47362.15781942583
2857,2857,3440.651077147,-47318.876897365466
2858,2858,3441.5404391039997,-47320.21862719291
2859,2859,3442.3426686400003,-47467.831900213794
2860,2860,3443.0719448010004,-47284.32987526193
2861,2861,3443.7876522640004,-47367.99602603974
2862,2862,3444.6695045629995,-47348.39046338337
2863,2863,3445.386134554,-47384.478644177456
2864,2864,3446.096249235,-47164.616132212876
2865,2865,3446.816755086,-47588.7929025532
2866,2866,3447.774731522,-47298.85440518044
2867,2867,3448.4914192959995,-47233.34556579763
2868,2868,3449.210346925,-47158.40603673892
2869,2869,3449.929880462,-47378.73162996952
2870,2870,3450.658961253,-47439.87484427586
2871,2871,3451.523865838,-47577.4023946064
2872,2872,3452.2294993880005,-46999.04311471417
2873,2873,3452.9452782860003,-47226.99716277489
2874,2874,3453.65686854,-47160.68446392022
2875,2875,3454.405620269,-47014.36878559773
2876,2876,3455.2193032620003,-47215.61317249955
2877,2877,3455.934149717,-47271.346884088925
2878,2878,3456.645432385,-47122.464078422054
2879,2879,3457.3569224059997,-47277.1168194597
2880,2880,3458.255904695,-47254.822312305274
2881,2881,3458.988542125,-47260.17232935205
2882,2882,3459.688219779,-47374.8182743533
2883,2883,3460.401662937,-47368.340577690695
2884,2884,3461.1120146480002,-47065.32343001361
2885,2885,3461.9381113110003,-47198.030362256606
2886,2886,3462.6409894020003,-47357.64417436582
2887,2887,3463.4074074070004,-47247.42382883839
2888,2888,3464.305925301,-47256.34930770161
2889,2889,3465.0123671640004,-47194.40439063457
2890,2890,3465.708624293,-47182.3842785662
2891,2891,3466.40022469,-47398.01599338068
2892,2892,3467.2414176610005,-47316.38484363283
2893,2893,3467.9294650979996,-47122.391908488884
2894,2894,3468.6257502829994,-47096.68808052664
2895,2895,3469.3247264009997,-47180.32423957191
2896,2896,3470.028658184,-47255.70215258008
2897,2897,3470.834863937,-47258.36629750988
2898,2898,3471.691359261,-47126.94876238003
2899,2899,3472.448096517,-47249.800441344836
2900,2900,3473.232323778,-47212.43992087141
2901,2901,3473.9304460799995,-47189.96229031291
2902,2902,3474.628841726,-47160.80663990096
2903,2903,3475.400387923,-47247.05262272167
2904,2904,3476.087152308,-47184.900808431106
2905,2905,3476.76805357,-47344.39314168571
2906,2906,3477.5018595149995,-47288.202595309456
2907,2907,3478.1916717550007,-47176.03307418926
2908,2908,3479.0463667770005,-47165.65979650566
2909,2909,3479.914192686,-47164.580433987656
2910,2910,3480.604855871,-47252.349552115105
2911,2911,3481.3087428190006,-47089.18356478016
2912,2912,3482.0046131829995,-47361.2163880266
2913,2913,3482.707717976,-47394.60204471642
2914,2914,3483.454845533,-47275.51570276946
2915,2915,3484.1576209839995,-47219.17401193807
2916,2916,3484.984821914,-47053.474665328715
2917,2917,3485.693018029,-47303.1749536438
2918,2918,3486.3946052539995,-47079.07035307894
2919,2919,3487.0982166270005,-47168.643867441264
2920,2920,3487.8090654059997,-47290.529420725245
2921,2921,3488.719842413,-47301.81115576988
2922,2922,3489.420815234,-47031.3641911603
2923,2923,3490.1210573360004,-47372.290499067836
2924,2924,3490.826651627,-47050.10775647116
2925,2925,3491.6813554719997,-47115.68860171769
2926,2926,3492.39020129,-47231.21918754981
2927,2927,3493.093049271,-47299.344943245094
2928,2928,3493.8090667220004,-47197.54271327209
2929,2929,3494.6127829230004,-47228.92521200479
2930,2930,3495.3122966549995,-47160.47941133327
2931,2931,3496.011252605,-47146.38634763742
2932,2932,3496.8127787170006,-47220.96253212167
2933,2933,3497.5222933150003,-47341.97908710065
2934,2934,3498.221562575,-46977.94666802396
2935,2935,3498.9889497360004,-47191.92596706915
2936,2936,3499.7634678639997,-47130.318057976736
2937,2937,3500.4547504760003,-47144.881194471716
2938,2938,3501.1527770240004,-47208.25365354111
2939,2939,3501.855779264,-47290.17822684912
2940,2940,3502.6686567969996,-47401.288851388534
2941,2941,3503.3742003050006,-47227.94541721874
2942,2942,3504.0655988399994,-47234.882063686266
2943,2943,3504.75795837,-47274.30402961446
2944,2944,3505.567241016,-46987.38361293837
2945,2945,3506.258178093,-47342.160854957096
2946,2946,3506.9562905229996,-47255.88639024633
2947,2947,3507.6547118959998,-47414.58732517711
2948,2948,3508.4610032460005,-47342.862548625824
2949,2949,3509.1498890870002,-47252.736873785616
2950,2950,3509.8537348890004,-47168.65257061553
2951,2951,3510.580684484,-47237.66773595721
2952,2952,3511.3941144870005,-47398.338552383146
2953,2953,3512.0973653409997,-47342.524847483546
2954,2954,3512.8712856859997,-47252.67299698554
2955,2955,3513.561519664,-47342.97912232479
2956,2956,3514.343898761,-47425.76816083814
2957,2957,3515.0421753210003,-47422.23085376665
2958,2958,3515.730453863,-47314.59943978131
2959,2959,3516.5038302940006,-47372.94224147832
2960,2960,3517.1823458650006,-47269.50883694432
2961,2961,3517.943680933,-47412.77810989028
2962,2962,3518.7076722049997,-47396.42931761404
2963,2963,3519.3936738869997,-47409.73736045486
2964,2964,3520.0781285599996,-47083.00612709349
2965,2965,3520.767659869,-47356.959153861004
2966,2966,3521.579623449,-47283.5926629544
2967,2967,3522.2477025740004,-47122.514971960605
2968,2968,3522.9374884030003,-47012.24900716016
2969,2969,3523.6237066110007,-47161.31095467308
2970,2970,3524.4529686149995,-47234.97812702305
2971,2971,3525.129749095,-47157.2527476021
2972,2972,3525.7997419240005,-47240.112502988435
2973,2973,3526.477891155,-47411.12015121981
2974,2974,3527.151334049,-47324.9610470848
2975,2975,3527.8576458929997,-47079.12888340099
2976,2976,3528.665841905,-47260.085162329524
2977,2977,3529.3328010920004,-47276.01927195863
2978,2978,3530.007109649,-47104.082071422185
2979,2979,3530.69159424,-47238.826204060075
2980,2980,3531.368179558,-47269.096312198046
2981,2981,3532.123981037,-47139.73974773302
2982,2982,3532.7883261459997,-47118.52575980539
2983,2983,3533.4580771309998,-47260.90652796359
2984,2984,3534.176680004,-47227.80620533736
2985,2985,3534.843945926,-47277.51257449223
2986,2986,3535.549860019,-47284.14661418191
2987,2987,3536.344946124,-47292.4288262462
2988,2988,3537.0127060180002,-47255.08929408446
2989,2989,3537.682957701,-47128.51243990939
2990,2990,3538.354527279,-47352.22401362595
2991,2991,3539.0276395170004,-47262.20314036348
2992,2992,3539.7526306939994,-47357.24419776083
2993,2993,3540.4253899120004,-47382.463114620856
2994,2994,3541.233797821,-47195.68696725045
2995,2995,3541.895310681,-47370.32169283019
2996,2996,3542.5379680919996,-47087.84266037511
2997,2997,3543.1796887009996,-47272.51722344067
2998,2998,3543.825494626,-47297.3656201764
2999,2999,3544.632708121,-47181.20005373416
